0
0.342204
0.611939
0.807628
0.93086
0.985415
0.976382
0.909655
0.791774
0.630004
0.447923
0.267614
0.0946041
-0.0660312
-0.209993
-0.333969
-0.435723
-0.514063
-0.568732
-0.600272
-0.625329
-0.658777
-0.698956
-0.744205
-0.79292
-0.843607
-0.894916
-0.945673
-0.994886
-1.04175
-1.07018
-1.06634
-1.03321
-0.973986
-0.8921
-0.791253
-0.675434
-0.548907
-0.416138
-0.281661
-0.165348
-0.0843633
-0.0382412
-0.0254013
-0.0432837
-0.0885215
-0.157129
-0.244706
-0.346651
-0.458381
-0.560094
-0.634701
-0.682548
-0.704755
-0.703047
-0.67962
-0.637041
-0.578174
-0.506125
-0.424169
-0.351129
-0.303464
-0.280413
-0.280508
-0.301664
-0.341303
-0.396493
-0.464098
-0.540928
-0.62388
-0.694606
-0.737322
-0.753451
-0.744982
-0.714338
-0.664289
-0.597892
-0.518437
-0.429378
-0.334262
-0.252069
-0.199269
-0.174954
-0.177368
-0.204028
-0.251869
-0.317413
-0.396944
-0.486691
-0.582997
-0.667017
-0.722561
-0.750738
-0.753302
-0.73249
-0.690928
-0.63155
-0.557549
-0.472318
-0.379377
-0.297736
-0.243953
-0.217271
-0.216129
-0.238267
-0.280865
-0.340691
-0.414274
-0.498069
-0.588618
-0.667239
-0.717862
-0.741681
-0.740503
-0.716605
-0.672637
-0.611551
-0.536547
-0.451009
-0.358435
-0.277787
-0.225554
-0.200887
-0.20212
-0.226884
-0.272245
-0.334866
-0.411179
-0.497554
-0.590468
-0.671189
-0.723619
-0.748936
-0.74894
-0.725908
-0.682491
-0.621647
-0.546584
-0.460702
-0.36752
-0.286032
-0.232767
-0.206923
-0.206886
-0.230336
-0.274388
-0.335748
-0.410884
-0.496198
-0.588186
-0.668128
-0.71993
-0.74477
-0.744443
-0.721222
-0.677752
-0.616984
-0.542119
-0.456546
-0.363772
-0.282773
-0.230058
-0.204805
-0.205375
-0.229428
-0.274057
-0.335954
-0.411573
-0.497305
-0.58964
-0.669857
-0.721864
-0.746841
-0.746587
-0.723379
-0.679866
-0.619004
-0.543996
-0.45824
-0.365247
-0.284003
-0.231026
-0.205501
-0.205802
-0.229594
-0.273982
-0.335662
-0.411092
-0.496666
-0.588877
-0.669003
-0.72095
-0.745895
-0.745636
-0.722446
-0.678974
-0.618172
-0.543243
-0.45758
-0.364692
-0.28356
-0.230699
-0.205292
-0.205706
-0.229605
-0.274089
-0.335853
-0.411354
-0.496984
-0.589237
-0.669391
-0.721353
-0.746301
-0.746035
-0.722829
-0.679333
-0.618499
-0.543532
-0.457826
-0.364891
-0.283711
-0.230801
-0.205346
-0.205714
-0.229572
-0.274019
-0.335752
-0.411227
-0.496839
-0.589079
-0.669225
-0.721185
-0.746135
-0.745875
-0.722679
-0.679195
-0.618376
-0.543426
-0.457739
-0.364823
-0.283663
-0.230773
-0.205337
-0.205722
-0.229595
-0.274056
-0.3358
-0.411284
-0.496901
-0.589145
-0.669293
-0.721252
-0.7462
-0.745936
-0.722736
-0.679246
-0.61842
-0.543463
-0.457768
-0.364845
-0.283677
-0.230779
-0.205335
-0.205715
-0.229582
-0.274039
-0.335779
-0.41126
-0.496876
-0.589118
-0.669267
-0.721226
-0.746176
-0.745914
-0.722715
-0.679228
-0.618406
-0.543451
-0.457759
-0.364839
-0.283674
-0.230779
-0.205338
-0.205719
-0.229589
-0.274046
-0.335787
-0.41127
-0.496886
-0.589128
-0.669276
-0.721235
-0.746184
-0.745922
-0.722722
-0.679234
-0.61841
-0.543455
-0.457761
-0.36484
-0.283674
-0.230778
-0.205336
-0.205717
-0.229586
-0.274043
-0.335784
-0.411266
-0.496882
-0.589125
-0.669273
-0.721232
-0.746181
-0.745919
-0.72272
-0.679232
-0.618409
-0.543454
-0.457761
-0.36484
-0.283674
-0.230779
-0.205337
-0.205718
-0.229587
-0.274045
-0.335785
-0.411267
-0.496883
-0.589126
-0.669274
-0.721233
-0.746182
-0.74592
-0.722721
-0.679232
-0.618409
-0.543454
-0.457761
-0.36484
-0.283674
-0.230778
-0.205337
-0.205718
-0.229587
-0.274044
-0.335785
-0.411267
-0.496883
-0.589126
-0.669274
-0.721233
-0.746182
-0.74592
-0.722721
-0.679232
-0.618409
-0.543454
-0.457761
-0.36484
-0.283674
-0.230779
-0.205337
-0.205718
-0.229587
-0.274044
-0.335785
-0.411267
-0.496883
-0.589126
-0.669274
-0.721233
-0.746182
-0.74592
-0.722721
-0.679232
-0.618409
-0.543454
-0.457761
-0.36484
-0.283674
-0.230778
-0.205337
-0.205718
-0.229587
-0.274044
-0.335785
-0.411267
-0.496883
-0.589126
-0.669274
-0.721233
-0.746182
-0.74592
-0.722721
-0.679232
-0.618409
-0.543454
-0.457761
-0.36484
-0.283674
-0.230779
-0.205337
-0.205718
-0.229587
-0.274044
-0.335785
-0.411267
-0.496883
-0.589126
-0.669274
-0.721233
-0.746182
-0.74592
-0.722721
-0.679232
-0.618409
-0.543454
-0.457761
-0.36484
-0.283674
-0.230778
-0.205337
-0.205718
-0.229587
-0.274044
-0.335785
-0.411267
-0.496883
-0.589126
-0.669274
-0.721233
-0.746182
-0.74592
-0.722721
-0.679232
-0.618409
-0.543454
-0.457761
-0.36484
-0.283674
-0.230779
-0.205337
-0.205718
-0.229587
-0.274044
-0.335785
-0.411267
-0.496883
-0.589126
-0.669274
-0.721233
-0.746182
-0.74592
-0.722721
-0.679232
-0.618409
-0.543454
-0.457761
-0.36484
-0.283674
-0.230778
-0.205337
-0.205718
-0.229587
-0.274044
-0.335785
-0.411267
-0.496883
-0.589126
-0.669274
-0.721233
-0.746182
-0.74592
-0.722721
-0.679232
-0.618409
-0.543454
-0.457761
-0.36484
-0.283674
-0.230778
-0.205337
-0.205718
-0.229587
-0.274044
-0.335785
-0.411267
-0.496883
-0.589126
-0.669274
-0.721233
-0.746182
-0.74592
-0.722721
-0.679232
-0.618409
-0.543454
-0.457761
-0.36484
-0.283674
-0.230778
-0.205337
-0.205718
-0.229587
-0.274044
-0.335785
-0.411267
-0.496883
-0.589126
-0.669274
-0.721233
-0.746182
-0.74592
-0.722721
-0.679232
-0.618409
-0.543454
-0.457761
-0.36484
-0.283674
-0.230778
-0.205337
-0.205718
-0.229587
-0.274044
-0.335785
-0.411267
-0.496883
-0.589126
-0.669274
-0.721233
-0.746182
-0.74592
-0.722721
-0.679232
-0.618409
-0.543454
-0.457761
-0.36484
-0.283674
-0.230778
-0.205337
-0.205718
-0.229587
-0.274044
-0.335785
-0.411267
-0.496883
-0.589126
-0.669274
-0.721233
-0.746182
-0.74592
-0.722721
-0.679232
-0.618409
-0.543454
-0.457761
-0.36484
-0.283674
-0.230778
-0.205337
-0.205718
-0.229587
-0.274044
-0.335785
-0.411267
-0.496883
-0.589126
-0.669274
-0.721233
-0.746182
-0.74592
-0.722721
-0.679232
-0.618409
-0.543454
-0.457761
-0.36484
-0.283674
-0.230778
-0.205337
-0.205718
-0.229587
-0.274044
-0.335785
-0.411267
-0.496883
-0.589126
-0.669274
-0.721233
-0.746182
-0.74592
-0.722721
-0.679232
-0.618409
-0.543454
-0.457761
-0.36484
-0.283674
-0.230778
-0.205337
-0.205718
-0.229587
-0.274044
-0.335785
-0.411267
-0.496883
-0.589126
-0.669274
-0.721233
-0.746182
-0.74592
-0.722721
-0.679232
-0.618409
-0.543454
-0.457761
-0.36484
-0.283674
-0.230778
-0.205337
-0.205718
-0.229587
-0.274044
-0.335785
-0.411267
-0.496883
-0.589126
-0.669274
-0.721233
-0.746182
-0.74592
-0.722721
-0.679232
-0.618409
-0.543454
-0.457761
-0.36484
-0.283674
-0.230778
-0.205337
-0.205718
-0.229587
-0.274044
-0.335785
-0.411267
-0.496883
-0.589126
-0.669274
-0.721233
-0.746182
-0.74592
-0.722721
-0.679232
-0.618409
-0.543454
-0.457761
-0.36484
-0.283674
-0.230778
-0.205337
-0.205718
-0.229587
-0.274044
-0.335785
-0.411267
-0.496883
-0.589126
-0.669274
-0.721233
-0.746182
-0.74592
-0.722721
-0.679232
-0.618409
-0.543454
-0.457761
-0.36484
-0.283674
-0.230778
-0.205337
-0.205718
-0.229587
-0.274044
-0.335785
-0.411267
-0.496883
-0.589126
-0.669274
-0.721233
-0.746182
-0.74592
-0.722721
-0.679232
-0.618409
-0.543454
-0.457761
-0.36484
-0.283674
-0.230778
-0.205337
-0.205718
-0.229587
-0.274044
-0.335785
-0.411267
-0.496883
-0.589126
-0.669274
-0.721233
-0.746182
-0.74592
-0.722721
-0.679232
-0.618409
-0.543454
-0.457761
-0.36484
-0.283674
-0.230778
-0.205337
-0.205718
-0.229587
-0.274044
-0.335785
-0.411267
-0.496883
-0.589126
-0.669274
-0.721233
-0.746182
-0.74592
-0.722721
-0.679232
-0.618409
-0.543454
-0.457761
-0.36484
-0.283674
-0.230778
-0.205337
-0.205718
-0.229587
-0.274044
-0.335785
-0.411267
-0.496883
-0.589126
-0.669274
-0.721233
-0.746182
-0.74592
-0.722721
-0.679232
-0.618409
-0.543454
-0.457761
-0.36484
-0.283674
-0.230778
-0.205337
-0.205718
-0.229587
-0.274044
-0.335785
-0.411267
-0.496883
-0.589126
-0.669274
-0.721233
-0.746182
-0.74592
-0.722721
-0.679232
-0.618409
-0.543454
-0.457761
-0.36484
-0.283674
-0.230778
-0.205337
-0.205718
-0.229587
-0.274044
-0.335785
-0.411267
-0.496883
-0.589126
-0.669274
-0.721233
-0.746182
-0.74592
-0.722721
-0.679232
-0.618409
-0.543454
-0.457761
-0.36484
-0.283674
-0.230778
-0.205337
-0.205718
-0.229587
-0.274044
-0.335785
-0.411267
-0.496883
-0.589126
-0.669274
-0.721233
-0.746182
-0.74592
-0.722721
-0.679232
-0.618409
-0.543454
-0.457761
-0.36484
-0.283674
-0.230778
-0.205337
-0.205718
-0.229587
-0.274044
-0.335785
-0.411267
-0.496883
-0.589126
-0.669274
-0.721233
-0.746182
-0.74592
-0.722721
-0.679232
-0.618409
-0.543454
-0.457761
-0.36484
-0.283674
-0.230778
-0.205337
-0.205718
-0.229587
-0.274044
-0.335785
-0.411267
-0.496883
-0.589126
-0.669274
-0.721233
-0.746182
-0.74592
-0.722721
-0.679232
-0.618409
-0.543454
-0.457761
-0.36484
-0.283674
-0.230778
-0.205337
-0.205718
-0.229587
-0.274044
-0.335785
-0.411267
-0.496883
-0.589126
-0.669274
-0.721233
-0.746182
-0.74592
-0.722721
-0.679232
-0.618409
-0.543454
-0.457761
-0.36484
-0.283674
-0.230778
-0.205337
-0.205718
-0.229587
-0.274044
-0.335785
-0.411267
-0.496883
-0.589126
-0.669274
-0.721233
-0.746182
-0.74592
-0.722721
-0.679232
-0.618409
-0.543454
-0.457761
-0.36484
-0.283674
-0.230778
-0.205337
-0.205718
-0.229587
-0.274044
-0.335785
-0.411267
-0.496883
-0.589126
-0.669274
-0.721233
-0.746182
-0.74592
-0.722721
-0.679232
-0.618409
-0.543454
-0.457761
-0.36484
-0.283674
-0.230778
-0.205337
-0.205718
-0.229587
-0.274044
-0.335785
-0.411267
-0.496883
-0.589126
-0.669274
-0.721233
-0.746182
-0.74592
-0.722721
-0.679232
-0.618409
-0.543454
-0.457761
-0.36484
-0.283674
-0.230778
-0.205337
-0.205718
-0.229587
-0.274044
-0.335785
-0.411267
-0.496883
-0.589126
-0.669274
-0.721233
-0.746182
-0.74592
-0.722721
-0.679232
-0.618409
-0.543454
-0.457761
-0.36484
-0.283674
-0.230778
-0.205337
-0.205718
-0.229587
-0.274044
-0.335785
-0.411267
-0.496883
-0.589126
-0.669274
-0.721233
-0.746182
-0.74592
-0.722721
-0.679232
-0.618409
-0.543454
-0.457761
-0.36484
-0.283674
-0.230778
-0.205337
-0.205718
-0.229587
-0.274044
-0.335785
-0.411267
-0.496883
-0.589126
-0.669274
-0.721233
-0.746182
-0.74592
-0.722721
-0.679232
-0.618409
-0.543454
-0.457761
-0.36484
-0.283674
-0.230778
-0.205337
-0.205718
-0.229587
-0.274044
-0.335785
-0.411267
-0.496883
-0.589126
-0.669274
-0.721233
-0.746182
-0.74592
-0.722721
-0.679232
-0.618409
-0.543454
-0.457761
-0.36484
-0.283674
-0.230778
-0.205337
-0.205718
-0.229587
-0.274044
-0.335785
-0.411267
-0.496883
-0.589126
-0.669274
-0.721233
-0.746182
-0.74592
-0.722721
-0.679232
-0.618409
-0.543454
-0.457761
-0.36484
-0.283674
-0.230778
-0.205337
-0.205718
-0.229587
-0.274044
-0.335785
-0.411267
-0.496883
-0.589126
-0.669274
-0.721233
-0.746182
-0.74592
-0.722721
-0.679232
-0.618409
-0.543454
-0.457761
-0.36484
-0.283674
-0.230778
-0.205337
-0.205718
-0.229587
-0.274044
-0.335785
-0.411267
-0.496883
-0.589126
-0.669274
-0.721233
-0.746182
-0.74592
-0.722721
-0.679232
-0.618409
-0.543454
-0.457761
-0.36484
-0.283674
-0.230778
-0.205337
-0.205718
-0.229587
-0.274044
-0.335785
-0.411267
-0.496883
-0.589126
-0.669274
-0.721233
-0.746182
-0.74592
-0.722721
-0.679232
-0.618409
-0.543454
-0.457761
-0.36484
-0.283674
-0.230778
-0.205337
-0.205718
-0.229587
-0.274044
-0.335785
-0.411267
-0.496883
-0.589126
-0.669274
-0.721233
-0.746182
-0.74592
-0.722721
-0.679232
-0.618409
-0.543454
-0.457761
-0.36484
-0.283674
-0.230778
-0.205337
-0.205718
-0.229587
-0.274044
-0.335785
-0.411267
-0.496883
-0.589126
-0.669274
-0.721233
-0.746182
-0.74592
-0.722721
-0.679232
-0.618409
-0.543454
-0.457761
-0.36484
-0.283674
-0.230778
-0.205337
-0.205718
-0.229587
-0.274044
-0.335785
-0.411267
-0.496883
-0.589126
-0.669274
-0.721233
-0.746182
-0.74592
-0.722721
-0.679232
-0.618409
-0.543454
-0.457761
-0.36484
-0.283674
-0.230778
-0.205337
-0.205718
-0.229587
-0.274044
-0.335785
-0.411267
-0.496883
-0.589126
-0.669274
-0.721233
-0.746182
-0.74592
-0.722721
-0.679232
-0.618409
-0.543454
-0.457761
-0.36484
-0.283674
-0.230778
-0.205337
-0.205718
-0.229587
-0.274044
-0.335785
-0.411267
-0.496883
-0.589126
-0.669274
-0.721233
-0.746182
-0.74592
-0.722721
-0.679232
-0.618409
-0.543454
-0.457761
-0.36484
-0.283674
-0.230778
-0.205337
-0.205718
-0.229587
-0.274044
-0.335785
-0.411267
-0.496883
-0.589126
-0.669274
-0.721233
-0.746182
-0.74592
-0.722721
-0.679232
-0.618409
-0.543454
-0.457761
-0.36484
-0.283674
-0.230778
-0.205337
-0.205718
-0.229587
-0.274044
-0.335785
-0.411267
-0.496883
-0.589126
-0.669274
-0.721233
-0.746182
-0.74592
-0.722721
-0.679232
-0.618409
-0.543454
-0.457761
-0.36484
-0.283674
-0.230778
-0.205337
-0.205718
-0.229587
-0.274044
-0.335785
-0.411267
-0.496883
-0.589126
-0.669274
-0.721233
-0.746182
-0.74592
-0.722721
-0.679232
-0.618409
-0.543454
-0.457761
-0.36484
-0.283674
-0.230778
-0.205337
-0.205718
-0.229587
-0.274044
-0.335785
-0.411267
-0.496883
-0.589126
-0.669274
-0.721233
-0.746182
-0.74592
-0.722721
-0.679232
-0.618409
-0.543454
-0.457761
-0.36484
-0.283674
-0.230778
-0.205337
-0.205718
-0.229587
-0.274044
-0.335785
-0.411267
-0.496883
-0.589126
-0.669274
-0.721233
-0.746182
-0.74592
-0.722721
-0.679232
-0.618409
-0.543454
-0.457761
-0.36484
-0.283674
-0.230778
-0.205337
-0.205718
-0.229587
-0.274044
-0.335785
-0.411267
-0.496883
-0.589126
-0.669274
-0.721233
-0.746182
-0.74592
-0.722721
-0.679232
-0.618409
-0.543454
-0.457761
-0.36484
-0.283674
-0.230778
-0.205337
-0.205718
-0.229587
-0.274044
-0.335785
-0.411267
-0.496883
-0.589126
-0.669274
-0.721233
-0.746182
-0.74592
-0.722721
-0.679232
-0.618409
-0.543454
-0.457761
-0.36484
-0.283674
-0.230778
-0.205337
-0.205718
-0.229587
-0.274044
-0.335785
-0.411267
-0.496883
-0.589126
-0.669274
-0.721233
-0.746182
-0.74592
-0.722721
-0.679232
-0.618409
-0.543454
-0.457761
-0.36484
-0.283674
-0.230778
-0.205337
-0.205718
-0.229587
-0.274044
-0.335785
-0.411267
-0.496883
-0.589126
-0.669274
-0.721233
-0.746182
-0.74592
-0.722721
-0.679232
-0.618409
-0.543454
-0.457761
-0.36484
-0.283674
-0.230778
-0.205337
-0.205718
-0.229587
-0.274044
-0.335785
-0.411267
-0.496883
-0.589126
-0.669274
-0.721233
-0.746182
-0.74592
-0.722721
-0.679232
-0.618409
-0.543454
-0.457761
-0.36484
-0.283674
-0.230778
-0.205337
-0.205718
-0.229587
-0.274044
-0.335785
-0.411267
-0.496883
-0.589126
-0.669274
-0.721233
-0.746182
-0.74592
-0.722721
-0.679232
-0.618409
-0.543454
-0.457761
-0.36484
-0.283674
-0.230778
-0.205337
-0.205718
-0.229587
-0.274044
-0.335785
-0.411267
-0.496883
-0.589126
-0.669274
-0.721233
-0.746182
-0.74592
-0.722721
-0.679232
-0.618409
-0.543454
-0.457761
-0.36484
-0.283674
-0.230778
-0.205337
-0.205718
-0.229587
-0.274044
-0.335785
-0.411267
-0.496883
-0.589126
-0.669274
-0.721233
-0.746182
-0.74592
-0.722721
-0.679232
-0.618409
-0.543454
-0.457761
-0.36484
-0.283674
-0.230778
-0.205337
-0.205718
-0.229587
-0.274044
-0.335785
-0.411267
-0.496883
-0.589126
-0.669274
-0.721233
-0.746182
-0.74592
-0.722721
-0.679232
-0.618409
-0.543454
-0.457761
-0.36484
-0.283674
-0.230778
-0.205337
-0.205718
-0.229587
-0.274044
-0.335785
-0.411267
-0.496883
-0.589126
-0.669274
-0.721233
-0.746182
-0.74592
-0.722721
-0.679232
-0.618409
-0.543454
-0.457761
-0.36484
-0.283674
-0.230778
-0.205337
-0.205718
-0.229587
-0.274044
-0.335785
-0.411267
-0.496883
-0.589126
-0.669274
-0.721233
-0.746182
-0.74592
-0.722721
-0.679232
-0.618409
-0.543454
-0.457761
-0.36484
-0.283674
-0.230778
-0.205337
-0.205718
-0.229587
-0.274044
-0.335785
-0.411267
-0.496883
-0.589126
-0.669274
-0.721233
-0.746182
-0.74592
-0.722721
-0.679232
-0.618409
-0.543454
-0.457761
-0.36484
-0.283674
-0.230778
-0.205337
-0.205718
-0.229587
-0.274044
-0.335785
-0.411267
-0.496883
-0.589126
-0.669274
-0.721233
-0.746182
-0.74592
-0.722721
-0.679232
-0.618409
-0.543454
-0.457761
-0.36484
-0.283674
-0.230778
-0.205337
-0.205718
-0.229587
-0.274044
-0.335785
-0.411267
-0.496883
-0.589126
-0.669274
-0.721233
-0.746182
-0.74592
-0.722721
-0.679232
-0.618409
-0.543454
-0.457761
-0.36484
-0.283674
-0.230778
-0.205337
-0.205718
-0.229587
-0.274044
-0.335785
-0.411267
-0.496883
-0.589126
-0.669274
-0.721233
-0.746182
-0.74592
-0.722721
-0.679232
-0.618409
-0.543454
-0.457761
-0.36484
-0.283674
-0.230778
-0.205337
-0.205718
-0.229587
-0.274044
-0.335785
-0.411267
-0.496883
-0.589126
-0.669274
-0.721233
-0.746182
-0.74592
-0.722721
-0.679232
-0.618409
-0.543454
-0.457761
-0.36484
-0.283674
-0.230778
-0.205337
-0.205718
-0.229587
-0.274044
-0.335785
-0.411267
-0.496883
-0.589126
-0.669274
-0.721233
-0.746182
-0.74592
-0.722721
-0.679232
-0.618409
-0.543454
-0.457761
-0.36484
-0.283674
-0.230778
-0.205337
-0.205718
-0.229587
-0.274044
-0.335785
-0.411267
-0.496883
-0.589126
-0.669274
-0.721233
-0.746182
-0.74592
-0.722721
-0.679232
-0.618409
-0.543454
-0.457761
-0.36484
-0.283674
-0.230778
-0.205337
-0.205718
-0.229587
-0.274044
-0.335785
-0.411267
-0.496883
-0.589126
-0.669274
-0.721233
-0.746182
-0.74592
-0.722721
-0.679232
-0.618409
-0.543454
-0.457761
-0.36484
-0.283674
-0.230778
-0.205337
-0.205718
-0.229587
-0.274044
-0.335785
-0.411267
-0.496883
-0.589126
-0.669274
-0.721233
-0.746182
-0.74592
-0.722721
-0.679232
-0.618409
-0.543454
-0.457761
-0.36484
-0.283674
-0.230778
-0.205337
-0.205718
-0.229587
-0.274044
-0.335785
-0.411267
-0.496883
-0.589126
-0.669274
-0.721233
-0.746182
-0.74592
-0.722721
-0.679232
-0.618409
-0.543454
-0.457761
-0.36484
-0.283674
-0.230778
-0.205337
-0.205718
-0.229587
-0.274044
-0.335785
-0.411267
-0.496883
-0.589126
-0.669274
-0.721233
-0.746182
-0.74592
-0.722721
-0.679232
-0.618409
-0.543454
-0.457761
-0.36484
-0.283674
-0.230778
-0.205337
-0.205718
-0.229587
-0.274044
-0.335785
-0.411267
-0.496883
-0.589126
-0.669274
-0.721233
-0.746182
-0.74592
-0.722721
-0.679232
-0.618409
-0.543454
-0.457761
-0.36484
-0.283674
-0.230778
-0.205337
-0.205718
-0.229587
-0.274044
-0.335785
-0.411267
-0.496883
-0.589126
-0.669274
-0.721233
-0.746182
-0.74592
-0.722721
-0.679232
-0.618409
-0.543454
-0.457761
-0.36484
-0.283674
-0.230778
-0.205337
-0.205718
-0.229587
-0.274044
-0.335785
-0.411267
-0.496883
-0.589126
-0.669274
-0.721233
-0.746182
-0.74592
-0.722721
-0.679232
-0.618409
-0.543454
-0.457761
-0.36484
-0.283674
-0.230778
-0.205337
-0.205718
-0.229587
-0.274044
-0.335785
-0.411267
-0.496883
-0.589126
-0.669274
-0.721233
-0.746182
-0.74592
-0.722721
-0.679232
-0.618409
-0.543454
-0.457761
-0.36484
-0.283674
-0.230778
-0.205337
-0.205718
-0.229587
-0.274044
-0.335785
-0.411267
-0.496883
-0.589126
-0.669274
-0.721233
-0.746182
-0.74592
-0.722721
-0.679232
-0.618409
-0.543454
-0.457761
-0.36484
-0.283674
-0.230778
-0.205337
-0.205718
-0.229587
-0.274044
-0.335785
-0.411267
-0.496883
-0.589126
-0.669274
-0.721233
-0.746182
-0.74592
-0.722721
-0.679232
-0.618409
-0.543454
-0.457761
-0.36484
-0.283674
-0.230778
-0.205337
-0.205718
-0.229587
-0.274044
-0.335785
-0.411267
-0.496883
-0.589126
-0.669274
-0.721233
-0.746182
-0.74592
-0.722721
-0.679232
-0.618409
-0.543454
-0.457761
-0.36484
-0.283674
-0.230778
-0.205337
-0.205718
-0.229587
-0.274044
-0.335785
-0.411267
-0.496883
-0.589126
-0.669274
-0.721233
-0.746182
-0.74592
-0.722721
-0.679232
-0.618409
-0.543454
-0.457761
-0.36484
-0.283674
-0.230778
-0.205337
-0.205718
-0.229587
-0.274044
-0.335785
-0.411267
-0.496883
-0.589126
-0.669274
-0.721233
-0.746182
-0.74592
-0.722721
-0.679232
-0.618409
-0.543454
-0.457761
-0.36484
-0.283674
-0.230778
-0.205337
-0.205718
-0.229587
-0.274044
-0.335785
-0.411267
-0.496883
-0.589126
-0.669274
-0.721233
-0.746182
-0.74592
-0.722721
-0.679232
-0.618409
-0.543454
-0.457761
-0.36484
-0.283674
-0.230778
-0.205337
-0.205718
-0.229587
-0.274044
-0.335785
-0.411267
-0.496883
-0.589126
-0.669274
-0.721233
-0.746182
-0.74592
-0.722721
-0.679232
-0.618409
-0.543454
-0.457761
-0.36484
-0.283674
-0.230778
-0.205337
-0.205718
-0.229587
-0.274044
-0.335785
-0.411267
-0.496883
-0.589126
-0.669274
-0.721233
-0.746182
-0.74592
-0.722721
-0.679232
-0.618409
-0.543454
-0.457761
-0.36484
-0.283674
-0.230778
-0.205337
-0.205718
-0.229587
-0.274044
-0.335785
-0.411267
-0.496883
-0.589126
-0.669274
-0.721233
-0.746182
-0.74592
-0.722721
-0.679232
-0.618409
-0.543454
-0.457761
-0.36484
-0.283674
-0.230778
-0.205337
-0.205718
-0.229587
-0.274044
-0.335785
-0.411267
-0.496883
-0.589126
-0.669274
-0.721233
-0.746182
-0.74592
-0.722721
-0.679232
-0.618409
-0.543454
-0.457761
-0.36484
-0.283674
-0.230778
-0.205337
-0.205718
-0.229587
-0.274044
-0.335785
-0.411267
-0.496883
-0.589126
-0.669274
-0.721233
-0.746182
-0.74592
-0.722721
-0.679232
-0.618409
-0.543454
-0.457761
-0.36484
-0.283674
-0.230778
-0.205337
-0.205718
-0.229587
-0.274044
-0.335785
-0.411267
-0.496883
-0.589126
-0.669274
-0.721233
-0.746182
-0.74592
-0.722721
-0.679232
-0.618409
-0.543454
-0.457761
-0.36484
-0.283674
-0.230778
-0.205337
-0.205718
-0.229587
-0.274044
-0.335785
-0.411267
-0.496883
-0.589126
-0.669274
-0.721233
-0.746182
-0.74592
-0.722721
-0.679232
-0.618409
-0.543454
-0.457761
-0.36484
-0.283674
-0.230778
-0.205337
-0.205718
-0.229587
-0.274044
-0.335785
-0.411267
-0.496883
-0.589126
-0.669274
-0.721233
-0.746182
-0.74592
-0.722721
-0.679232
-0.618409
-0.543454
-0.457761
-0.36484
-0.283674
-0.230778
-0.205337
-0.205718
-0.229587
-0.274044
-0.335785
-0.411267
-0.496883
-0.589126
-0.669274
-0.721233
-0.746182
-0.74592
-0.722721
-0.679232
-0.618409
-0.543454
-0.457761
-0.36484
-0.283674
-0.230778
-0.205337
-0.205718
-0.229587
-0.274044
-0.335785
-0.411267
-0.496883
-0.589126
-0.669274
-0.721233
-0.746182
-0.74592
-0.722721
-0.679232
-0.618409
-0.543454
-0.457761
-0.36484
-0.283674
-0.230778
-0.205337
-0.205718
-0.229587
-0.274044
-0.335785
-0.411267
-0.496883
-0.589126
-0.669274
-0.721233
-0.746182
-0.74592
-0.722721
-0.679232
-0.618409
-0.543454
-0.457761
-0.36484
-0.283674
-0.230778
-0.205337
-0.205718
-0.229587
-0.274044
-0.335785
-0.411267
-0.496883
-0.589126
-0.669274
-0.721233
-0.746182
-0.74592
-0.722721
-0.679232
-0.618409
-0.543454
-0.457761
-0.36484
-0.283674
-0.230778
-0.205337
-0.205718
-0.229587
-0.274044
-0.335785
-0.411267
-0.496883
-0.589126
-0.669274
-0.721233
-0.746182
-0.74592
-0.722721
-0.679232
-0.618409
-0.543454
-0.457761
-0.36484
-0.283674
-0.230778
-0.205337
-0.205718
-0.229587
-0.274044
-0.335785
-0.411267
-0.496883
-0.589126
-0.669274
-0.721233
-0.746182
-0.74592
-0.722721
-0.679232
-0.618409
-0.543454
-0.457761
-0.36484
-0.283674
-0.230778
-0.205337
-0.205718
-0.229587
-0.274044
-0.335785
-0.411267
-0.496883
-0.589126
-0.669274
-0.721233
-0.746182
-0.74592
-0.722721
-0.679232
-0.618409
-0.543454
-0.457761
-0.36484
-0.283674
-0.230778
-0.205337
-0.205718
-0.229587
-0.274044
-0.335785
-0.411267
-0.496883
-0.589126
-0.669274
-0.721233
-0.746182
-0.74592
-0.722721
-0.679232
-0.618409
-0.543454
-0.457761
-0.36484
-0.283674
-0.230778
-0.205337
-0.205718
-0.229587
-0.274044
-0.335785
-0.411267
-0.496883
-0.589126
-0.669274
-0.721233
-0.746182
-0.74592
-0.722721
-0.679232
-0.618409
-0.543454
-0.457761
-0.36484
-0.283674
-0.230778
-0.205337
-0.205718
-0.229587
-0.274044
-0.335785
-0.411267
-0.496883
-0.589126
-0.669274
-0.721233
-0.746182
-0.74592
-0.722721
-0.679232
-0.618409
-0.543454
-0.457761
-0.36484
-0.283674
-0.230778
-0.205337
-0.205718
-0.229587
-0.274044
-0.335785
-0.411267
-0.496883
-0.589126
-0.669274
-0.721233
-0.746182
-0.74592
-0.722721
-0.679232
-0.618409
-0.543454
-0.457761
-0.36484
-0.283674
-0.230778
-0.205337
-0.205718
-0.229587
-0.274044
-0.335785
-0.411267
-0.496883
-0.589126
-0.669274
-0.721233
-0.746182
-0.74592
-0.722721
-0.679232
-0.618409
-0.543454
-0.457761
-0.36484
-0.283674
-0.230778
-0.205337
-0.205718
-0.229587
-0.274044
-0.335785
-0.411267
-0.496883
-0.589126
-0.669274
-0.721233
-0.746182
-0.74592
-0.722721
-0.679232
-0.618409
-0.543454
-0.457761
-0.36484
-0.283674
-0.230778
-0.205337
-0.205718
-0.229587
-0.274044
-0.335785
-0.411267
-0.496883
-0.589126
-0.669274
-0.721233
-0.746182
-0.74592
-0.722721
-0.679232
-0.618409
-0.543454
-0.457761
-0.36484
-0.283674
-0.230778
-0.205337
-0.205718
-0.229587
-0.274044
-0.335785
-0.411267
-0.496883
-0.589126
-0.669274
-0.721233
-0.746182
-0.74592
-0.722721
-0.679232
-0.618409
-0.543454
-0.457761
-0.36484
-0.283674
-0.230778
-0.205337
-0.205718
-0.229587
-0.274044
-0.335785
-0.411267
-0.496883
-0.589126
-0.669274
-0.721233
-0.746182
-0.74592
-0.722721
-0.679232
-0.618409
-0.543454
-0.457761
-0.36484
-0.283674
-0.230778
-0.205337
-0.205718
-0.229587
-0.274044
-0.335785
-0.411267
-0.496883
-0.589126
-0.669274
-0.721233
-0.746182
-0.74592
-0.722721
-0.679232
-0.618409
-0.543454
-0.457761
-0.36484
-0.283674
-0.230778
-0.205337
-0.205718
-0.229587
-0.274044
-0.335785
-0.411267
-0.496883
-0.589126
-0.669274
-0.721233
-0.746182
-0.74592
-0.722721
-0.679232
-0.618409
-0.543454
-0.457761
-0.36484
-0.283674
-0.230778
-0.205337
-0.205718
-0.229587
-0.274044
-0.335785
-0.411267
-0.496883
-0.589126
-0.669274
-0.721233
-0.746182
-0.74592
-0.722721
-0.679232
-0.618409
-0.543454
-0.457761
-0.36484
-0.283674
-0.230778
-0.205337
-0.205718
-0.229587
-0.274044
-0.335785
-0.411267
-0.496883
-0.589126
-0.669274
-0.721233
-0.746182
-0.74592
-0.722721
-0.679232
-0.618409
-0.543454
-0.457761
-0.36484
-0.283674
-0.230778
-0.205337
-0.205718
-0.229587
-0.274044
-0.335785
-0.411267
-0.496883
-0.589126
-0.669274
-0.721233
-0.746182
-0.74592
-0.722721
-0.679232
-0.618409
-0.543454
-0.457761
-0.36484
-0.283674
-0.230778
-0.205337
-0.205718
-0.229587
-0.274044
-0.335785
-0.411267
-0.496883
-0.589126
-0.669274
-0.721233
-0.746182
-0.74592
-0.722721
-0.679232
-0.618409
-0.543454
-0.457761
-0.36484
-0.283674
-0.230778
-0.205337
-0.205718
-0.229587
-0.274044
-0.335785
-0.411267
-0.496883
-0.589126
-0.669274
-0.721233
-0.746182
-0.74592
-0.722721
-0.679232
-0.618409
-0.543454
-0.457761
-0.36484
-0.283674
-0.230778
-0.205337
-0.205718
-0.229587
-0.274044
-0.335785
-0.411267
-0.496883
-0.589126
-0.669274
-0.721233
-0.746182
-0.74592
-0.722721
-0.679232
-0.618409
-0.543454
-0.457761
-0.36484
-0.283674
-0.230778
-0.205337
-0.205718
-0.229587
-0.274044
-0.335785
-0.411267
-0.496883
-0.589126
-0.669274
-0.721233
-0.746182
-0.74592
-0.722721
-0.679232
-0.618409
-0.543454
-0.457761
-0.36484
-0.283674
-0.230778
-0.205337
-0.205718
-0.229587
-0.274044
-0.335785
-0.411267
-0.496883
-0.589126
-0.669274
-0.721233
-0.746182
-0.74592
-0.722721
-0.679232
-0.618409
-0.543454
-0.457761
-0.36484
-0.283674
-0.230778
-0.205337
-0.205718
-0.229587
-0.274044
-0.335785
-0.411267
-0.496883
-0.589126
-0.669274
-0.721233
-0.746182
-0.74592
-0.722721
-0.679232
-0.618409
-0.543454
-0.457761
-0.36484
-0.283674
-0.230778
-0.205337
-0.205718
-0.229587
-0.274044
-0.335785
-0.411267
-0.496883
-0.589126
-0.669274
-0.721233
-0.746182
-0.74592
-0.722721
-0.679232
-0.618409
-0.543454
-0.457761
-0.36484
-0.283674
-0.230778
-0.205337
-0.205718
-0.229587
-0.274044
-0.335785
-0.411267
-0.496883
-0.589126
-0.669274
-0.721233
-0.746182
-0.74592
-0.722721
-0.679232
-0.618409
-0.543454
-0.457761
-0.36484
-0.283674
-0.230778
-0.205337
-0.205718
-0.229587
-0.274044
-0.335785
-0.411267
-0.496883
-0.589126
-0.669274
-0.721233
-0.746182
-0.74592
-0.722721
-0.679232
-0.618409
-0.543454
-0.457761
-0.36484
-0.283674
-0.230778
-0.205337
-0.205718
-0.229587
-0.274044
-0.335785
-0.411267
-0.496883
-0.589126
-0.669274
-0.721233
-0.746182
-0.74592
-0.722721
-0.679232
-0.618409
-0.543454
-0.457761
-0.36484
-0.283674
-0.230778
-0.205337
-0.205718
-0.229587
-0.274044
-0.335785
-0.411267
-0.496883
-0.589126
-0.669274
-0.721233
-0.746182
-0.74592
-0.722721
-0.679232
-0.618409
-0.543454
-0.457761
-0.36484
-0.283674
-0.230778
-0.205337
-0.205718
-0.229587
-0.274044
-0.335785
-0.411267
-0.496883
-0.589126
-0.669274
-0.721233
-0.746182
-0.74592
-0.722721
-0.679232
-0.618409
-0.543454
-0.457761
-0.36484
-0.283674
-0.230778
-0.205337
-0.205718
-0.229587
-0.274044
-0.335785
-0.411267
-0.496883
-0.589126
-0.669274
-0.721233
-0.746182
-0.74592
-0.722721
-0.679232
-0.618409
-0.543454
-0.457761
-0.36484
-0.283674
-0.230778
-0.205337
-0.205718
-0.229587
-0.274044
-0.335785
-0.411267
-0.496883
-0.589126
-0.669274
-0.721233
-0.746182
-0.74592
-0.722721
-0.679232
-0.618409
-0.543454
-0.457761
-0.36484
-0.283674
-0.230778
-0.205337
-0.205718
-0.229587
-0.274044
-0.335785
-0.411267
-0.496883
-0.589126
-0.669274
-0.721233
-0.746182
-0.74592
-0.722721
-0.679232
-0.618409
-0.543454
-0.457761
-0.36484
-0.283674
-0.230778
-0.205337
-0.205718
-0.229587
-0.274044
-0.335785
-0.411267
-0.496883
-0.589126
-0.669274
-0.721233
-0.746182
-0.74592
-0.722721
-0.679232
-0.618409
-0.543454
-0.457761
-0.36484
-0.283674
-0.230778
-0.205337
-0.205718
-0.229587
-0.274044
-0.335785
-0.411267
-0.496883
-0.589126
-0.669274
-0.721233
-0.746182
-0.74592
-0.722721
-0.679232
-0.618409
-0.543454
-0.457761
-0.36484
-0.283674
-0.230778
-0.205337
-0.205718
-0.229587
-0.274044
-0.335785
-0.411267
-0.496883
-0.589126
-0.669274
-0.721233
-0.746182
-0.74592
-0.722721
-0.679232
-0.618409
-0.543454
-0.457761
-0.36484
-0.283674
-0.230778
-0.205337
-0.205718
-0.229587
-0.274044
-0.335785
-0.411267
-0.496883
-0.589126
-0.669274
-0.721233
-0.746182
-0.74592
-0.722721
-0.679232
-0.618409
-0.543454
-0.457761
-0.36484
-0.283674
-0.230778
-0.205337
-0.205718
-0.229587
-0.274044
-0.335785
-0.411267
-0.496883
-0.589126
-0.669274
-0.721233
-0.746182
-0.74592
-0.722721
-0.679232
-0.618409
-0.543454
-0.457761
-0.36484
-0.283674
-0.230778
-0.205337
-0.205718
-0.229587
-0.274044
-0.335785
-0.411267
-0.496883
-0.589126
-0.669274
-0.721233
-0.746182
-0.74592
-0.722721
-0.679232
-0.618409
-0.543454
-0.457761
-0.36484
-0.283674
-0.230778
-0.205337
-0.205718
-0.229587
-0.274044
-0.335785
-0.411267
-0.496883
-0.589126
-0.669274
-0.721233
-0.746182
-0.74592
-0.722721
-0.679232
-0.618409
-0.543454
-0.457761
-0.36484
-0.283674
-0.230778
-0.205337
-0.205718
-0.229587
-0.274044
-0.335785
-0.411267
-0.496883
-0.589126
-0.669274
-0.721233
-0.746182
-0.74592
-0.722721
-0.679232
-0.618409
-0.543454
-0.457761
-0.36484
-0.283674
-0.230778
-0.205337
-0.205718
-0.229587
-0.274044
-0.335785
-0.411267
-0.496883
-0.589126
-0.669274
-0.721233
-0.746182
-0.74592
-0.722721
-0.679232
-0.618409
-0.543454
-0.457761
-0.36484
-0.283674
-0.230778
-0.205337
-0.205718
-0.229587
-0.274044
-0.335785
-0.411267
-0.496883
-0.589126
-0.669274
-0.721233
-0.746182
-0.74592
-0.722721
-0.679232
-0.618409
-0.543454
-0.457761
-0.36484
-0.283674
-0.230778
-0.205337
-0.205718
-0.229587
-0.274044
-0.335785
-0.411267
-0.496883
-0.589126
-0.669274
-0.721233
-0.746182
-0.74592
-0.722721
-0.679232
-0.618409
-0.543454
-0.457761
-0.36484
-0.283674
-0.230778
-0.205337
-0.205718
-0.229587
-0.274044
-0.335785
-0.411267
-0.496883
-0.589126
-0.669274
-0.721233
-0.746182
-0.74592
-0.722721
-0.679232
-0.618409
-0.543454
-0.457761
-0.36484
-0.283674
-0.230778
-0.205337
-0.205718
-0.229587
-0.274044
-0.335785
-0.411267
-0.496883
-0.589126
-0.669274
-0.721233
-0.746182
-0.74592
-0.722721
-0.679232
-0.618409
-0.543454
-0.457761
-0.36484
-0.283674
-0.230778
-0.205337
-0.205718
-0.229587
-0.274044
-0.335785
-0.411267
-0.496883
-0.589126
-0.669274
-0.721233
-0.746182
-0.74592
-0.722721
-0.679232
-0.618409
-0.543454
-0.457761
-0.36484
-0.283674
-0.230778
-0.205337
-0.205718
-0.229587
-0.274044
-0.335785
-0.411267
-0.496883
-0.589126
-0.669274
-0.721233
-0.746182
-0.74592
-0.722721
-0.679232
-0.618409
-0.543454
-0.457761
-0.36484
-0.283674
-0.230778
-0.205337
-0.205718
-0.229587
-0.274044
-0.335785
-0.411267
-0.496883
-0.589126
-0.669274
-0.721233
-0.746182
-0.74592
-0.722721
-0.679232
-0.618409
-0.543454
-0.457761
-0.36484
-0.283674
-0.230778
-0.205337
-0.205718
-0.229587
-0.274044
-0.335785
-0.411267
-0.496883
-0.589126
-0.669274
-0.721233
-0.746182
-0.74592
-0.722721
-0.679232
-0.618409
-0.543454
-0.457761
-0.36484
-0.283674
-0.230778
-0.205337
-0.205718
-0.229587
-0.274044
-0.335785
-0.411267
-0.496883
-0.589126
-0.669274
-0.721233
-0.746182
-0.74592
-0.722721
-0.679232
-0.618409
-0.543454
-0.457761
-0.36484
-0.283674
-0.230778
-0.205337
-0.205718
-0.229587
-0.274044
-0.335785
-0.411267
-0.496883
-0.589126
-0.669274
-0.721233
-0.746182
-0.74592
-0.722721
-0.679232
-0.618409
-0.543454
-0.457761
-0.36484
-0.283674
-0.230778
-0.205337
-0.205718
-0.229587
-0.274044
-0.335785
-0.411267
-0.496883
-0.589126
-0.669274
-0.721233
-0.746182
-0.74592
-0.722721
-0.679232
-0.618409
-0.543454
-0.457761
-0.36484
-0.283674
-0.230778
-0.205337
-0.205718
-0.229587
-0.274044
-0.335785
-0.411267
-0.496883
-0.589126
-0.669274
-0.721233
-0.746182
-0.74592
-0.722721
-0.679232
-0.618409
-0.543454
-0.457761
-0.36484
-0.283674
-0.230778
-0.205337
-0.205718
-0.229587
-0.274044
-0.335785
-0.411267
-0.496883
-0.589126
-0.669274
-0.721233
-0.746182
-0.74592
-0.722721
-0.679232
-0.618409
-0.543454
-0.457761
-0.36484
-0.283674
-0.230778
-0.205337
-0.205718
-0.229587
-0.274044
-0.335785
-0.411267
-0.496883
-0.589126
-0.669274
-0.721233
-0.746182
-0.74592
-0.722721
-0.679232
-0.618409
-0.543454
-0.457761
-0.36484
-0.283674
-0.230778
-0.205337
-0.205718
-0.229587
-0.274044
-0.335785
-0.411267
-0.496883
-0.589126
-0.669274
-0.721233
-0.746182
-0.74592
-0.722721
-0.679232
-0.618409
-0.543454
-0.457761
-0.36484
-0.283674
-0.230778
-0.205337
-0.205718
-0.229587
-0.274044
-0.335785
-0.411267
-0.496883
-0.589126
-0.669274
-0.721233
-0.746182
-0.74592
-0.722721
-0.679232
-0.618409
-0.543454
-0.457761
-0.36484
-0.283674
-0.230778
-0.205337
-0.205718
-0.229587
-0.274044
-0.335785
-0.411267
-0.496883
-0.589126
-0.669274
-0.721233
-0.746182
-0.74592
-0.722721
-0.679232
-0.618409
-0.543454
-0.457761
-0.36484
-0.283674
-0.230778
-0.205337
-0.205718
-0.229587
-0.274044
-0.335785
-0.411267
-0.496883
-0.589126
-0.669274
-0.721233
-0.746182
-0.74592
-0.722721
-0.679232
-0.618409
-0.543454
-0.457761
-0.36484
-0.283674
-0.230778
-0.205337
-0.205718
-0.229587
-0.274044
-0.335785
-0.411267
-0.496883
-0.589126
-0.669274
-0.721233
-0.746182
-0.74592
-0.722721
-0.679232
-0.618409
-0.543454
-0.457761
-0.36484
-0.283674
-0.230778
-0.205337
-0.205718
-0.229587
-0.274044
-0.335785
-0.411267
-0.496883
-0.589126
-0.669274
-0.721233
-0.746182
-0.74592
-0.722721
-0.679232
-0.618409
-0.543454
-0.457761
-0.36484
-0.283674
-0.230778
-0.205337
-0.205718
-0.229587
-0.274044
-0.335785
-0.411267
-0.496883
-0.589126
-0.669274
-0.721233
-0.746182
-0.74592
-0.722721
-0.679232
-0.618409
-0.543454
-0.457761
-0.36484
-0.283674
-0.230778
-0.205337
-0.205718
-0.229587
-0.274044
-0.335785
-0.411267
-0.496883
-0.589126
-0.669274
-0.721233
-0.746182
-0.74592
-0.722721
-0.679232
-0.618409
-0.543454
-0.457761
-0.36484
-0.283674
-0.230778
-0.205337
-0.205718
-0.229587
-0.274044
-0.335785
-0.411267
-0.496883
-0.589126
-0.669274
-0.721233
-0.746182
-0.74592
-0.722721
-0.679232
-0.618409
-0.543454
-0.457761
-0.36484
-0.283674
-0.230778
-0.205337
-0.205718
-0.229587
-0.274044
-0.335785
-0.411267
-0.496883
-0.589126
-0.669274
-0.721233
-0.746182
-0.74592
-0.722721
-0.679232
-0.618409
-0.543454
-0.457761
-0.36484
-0.283674
-0.230778
-0.205337
-0.205718
-0.229587
-0.274044
-0.335785
-0.411267
-0.496883
-0.589126
-0.669274
-0.721233
-0.746182
-0.74592
-0.722721
-0.679232
-0.618409
-0.543454
-0.457761
-0.36484
-0.283674
-0.230778
-0.205337
-0.205718
-0.229587
-0.274044
-0.335785
-0.411267
-0.496883
-0.589126
-0.669274
-0.721233
-0.746182
-0.74592
-0.722721
-0.679232
-0.618409
-0.543454
-0.457761
-0.36484
-0.283674
-0.230778
-0.205337
-0.205718
-0.229587
-0.274044
-0.335785
-0.411267
-0.496883
-0.589126
-0.669274
-0.721233
-0.746182
-0.74592
-0.722721
-0.679232
-0.618409
-0.543454
-0.457761
-0.36484
-0.283674
-0.230778
-0.205337
-0.205718
-0.229587
-0.274044
-0.335785
-0.411267
-0.496883
-0.589126
-0.669274
-0.721233
-0.746182
-0.74592
-0.722721
-0.679232
-0.618409
-0.543454
-0.457761
-0.36484
-0.283674
-0.230778
-0.205337
-0.205718
-0.229587
-0.274044
-0.335785
-0.411267
-0.496883
-0.589126
-0.669274
-0.721233
-0.746182
-0.74592
-0.722721
-0.679232
-0.618409
-0.543454
-0.457761
-0.36484
-0.283674
-0.230778
-0.205337
-0.205718
-0.229587
-0.274044
-0.335785
-0.411267
-0.496883
-0.589126
-0.669274
-0.721233
-0.746182
-0.74592
-0.722721
-0.679232
-0.618409
-0.543454
-0.457761
-0.36484
-0.283674
-0.230778
-0.205337
-0.205718
-0.229587
-0.274044
-0.335785
-0.411267
-0.496883
-0.589126
-0.669274
-0.721233
-0.746182
-0.74592
-0.722721
-0.679232
-0.618409
-0.543454
-0.457761
-0.36484
-0.283674
-0.230778
-0.205337
-0.205718
-0.229587
-0.274044
-0.335785
-0.411267
-0.496883
-0.589126
-0.669274
-0.721233
-0.746182
-0.74592
-0.722721
-0.679232
-0.618409
-0.543454
-0.457761
-0.36484
-0.283674
-0.230778
-0.205337
-0.205718
-0.229587
-0.274044
-0.335785
-0.411267
-0.496883
-0.589126
-0.669274
-0.721233
-0.746182
-0.74592
-0.722721
-0.679232
-0.618409
-0.543454
-0.457761
-0.36484
-0.283674
-0.230778
-0.205337
-0.205718
-0.229587
-0.274044
-0.335785
-0.411267
-0.496883
-0.589126
-0.669274
-0.721233
-0.746182
-0.74592
-0.722721
-0.679232
-0.618409
-0.543454
-0.457761
-0.36484
-0.283674
-0.230778
-0.205337
-0.205718
-0.229587
-0.274044
-0.335785
-0.411267
-0.496883
-0.589126
-0.669274
-0.721233
-0.746182
-0.74592
-0.722721
-0.679232
-0.618409
-0.543454
-0.457761
-0.36484
-0.283674
-0.230778
-0.205337
-0.205718
-0.229587
-0.274044
-0.335785
-0.411267
-0.496883
-0.589126
-0.669274
-0.721233
-0.746182
-0.74592
-0.722721
-0.679232
-0.618409
-0.543454
-0.457761
-0.36484
-0.283674
-0.230778
-0.205337
-0.205718
-0.229587
-0.274044
-0.335785
-0.411267
-0.496883
-0.589126
-0.669274
-0.721233
-0.746182
-0.74592
-0.722721
-0.679232
-0.618409
-0.543454
-0.457761
-0.36484
-0.283674
-0.230778
-0.205337
-0.205718
-0.229587
-0.274044
-0.335785
-0.411267
-0.496883
-0.589126
-0.669274
-0.721233
-0.746182
-0.74592
-0.722721
-0.679232
-0.618409
-0.543454
-0.457761
-0.36484
-0.283674
-0.230778
-0.205337
-0.205718
-0.229587
-0.274044
-0.335785
-0.411267
-0.496883
-0.589126
-0.669274
-0.721233
-0.746182
-0.74592
-0.722721
-0.679232
-0.618409
-0.543454
-0.457761
-0.36484
-0.283674
-0.230778
-0.205337
-0.205718
-0.229587
-0.274044
-0.335785
-0.411267
-0.496883
-0.589126
-0.669274
-0.721233
-0.746182
-0.74592
-0.722721
-0.679232
-0.618409
-0.543454
-0.457761
-0.36484
-0.283674
-0.230778
-0.205337
-0.205718
-0.229587
-0.274044
-0.335785
-0.411267
-0.496883
-0.589126
-0.669274
-0.721233
-0.746182
-0.74592
-0.722721
-0.679232
-0.618409
-0.543454
-0.457761
-0.36484
-0.283674
-0.230778
-0.205337
-0.205718
-0.229587
-0.274044
-0.335785
-0.411267
-0.496883
-0.589126
-0.669274
-0.721233
-0.746182
-0.74592
-0.722721
-0.679232
-0.618409
-0.543454
-0.457761
-0.36484
-0.283674
-0.230778
-0.205337
-0.205718
-0.229587
-0.274044
-0.335785
-0.411267
-0.496883
-0.589126
-0.669274
-0.721233
-0.746182
-0.74592
-0.722721
-0.679232
-0.618409
-0.543454
-0.457761
-0.36484
-0.283674
-0.230778
-0.205337
-0.205718
-0.229587
-0.274044
-0.335785
-0.411267
-0.496883
-0.589126
-0.669274
-0.721233
-0.746182
-0.74592
-0.722721
-0.679232
-0.618409
-0.543454
-0.457761
-0.36484
-0.283674
-0.230778
-0.205337
-0.205718
-0.229587
-0.274044
-0.335785
-0.411267
-0.496883
-0.589126
-0.669274
-0.721233
-0.746182
-0.74592
-0.722721
-0.679232
-0.618409
-0.543454
-0.457761
-0.36484
-0.283674
-0.230778
-0.205337
-0.205718
-0.229587
-0.274044
-0.335785
-0.411267
-0.496883
-0.589126
-0.669274
-0.721233
-0.746182
-0.74592
-0.722721
-0.679232
-0.618409
-0.543454
-0.457761
-0.36484
-0.283674
-0.230778
-0.205337
-0.205718
-0.229587
-0.274044
-0.335785
-0.411267
-0.496883
-0.589126
-0.669274
-0.721233
-0.746182
-0.74592
-0.722721
-0.679232
-0.618409
-0.543454
-0.457761
-0.36484
-0.283674
-0.230778
-0.205337
-0.205718
-0.229587
-0.274044
-0.335785
-0.411267
-0.496883
-0.589126
-0.669274
-0.721233
-0.746182
-0.74592
-0.722721
-0.679232
-0.618409
-0.543454
-0.457761
-0.36484
-0.283674
-0.230778
-0.205337
-0.205718
-0.229587
-0.274044
-0.335785
-0.411267
-0.496883
-0.589126
-0.669274
-0.721233
-0.746182
-0.74592
-0.722721
-0.679232
-0.618409
-0.543454
-0.457761
-0.36484
-0.283674
-0.230778
-0.205337
-0.205718
-0.229587
-0.274044
-0.335785
-0.411267
-0.496883
-0.589126
-0.669274
-0.721233
-0.746182
-0.74592
-0.722721
-0.679232
-0.618409
-0.543454
-0.457761
-0.36484
-0.283674
-0.230778
-0.205337
-0.205718
-0.229587
-0.274044
-0.335785
-0.411267
-0.496883
-0.589126
-0.669274
-0.721233
-0.746182
-0.74592
-0.722721
-0.679232
-0.618409
-0.543454
-0.457761
-0.36484
-0.283674
-0.230778
-0.205337
-0.205718
-0.229587
-0.274044
-0.335785
-0.411267
-0.496883
-0.589126
-0.669274
-0.721233
-0.746182
-0.74592
-0.722721
-0.679232
-0.618409
-0.543454
-0.457761
-0.36484
-0.283674
-0.230778
-0.205337
-0.205718
-0.229587
-0.274044
-0.335785
-0.411267
-0.496883
-0.589126
-0.669274
-0.721233
-0.746182
-0.74592
-0.722721
-0.679232
-0.618409
-0.543454
-0.457761
-0.36484
-0.283674
-0.230778
-0.205337
-0.205718
-0.229587
-0.274044
-0.335785
-0.411267
-0.496883
-0.589126
-0.669274
-0.721233
-0.746182
-0.74592
-0.722721
-0.679232
-0.618409
-0.543454
-0.457761
-0.36484
-0.283674
-0.230778
-0.205337
-0.205718
-0.229587
-0.274044
-0.335785
-0.411267
-0.496883
-0.589126
-0.669274
-0.721233
-0.746182
-0.74592
-0.722721
-0.679232
-0.618409
-0.543454
-0.457761
-0.36484
-0.283674
-0.230778
-0.205337
-0.205718
-0.229587
-0.274044
-0.335785
-0.411267
-0.496883
-0.589126
-0.669274
-0.721233
-0.746182
-0.74592
-0.722721
-0.679232
-0.618409
-0.543454
-0.457761
-0.36484
-0.283674
-0.230778
-0.205337
-0.205718
-0.229587
-0.274044
-0.335785
-0.411267
-0.496883
-0.589126
-0.669274
-0.721233
-0.746182
-0.74592
-0.722721
-0.679232
-0.618409
-0.543454
-0.457761
-0.36484
-0.283674
-0.230778
-0.205337
-0.205718
-0.229587
-0.274044
-0.335785
-0.411267
-0.496883
-0.589126
-0.669274
-0.721233
-0.746182
-0.74592
-0.722721
-0.679232
-0.618409
-0.543454
-0.457761
-0.36484
-0.283674
-0.230778
-0.205337
-0.205718
-0.229587
-0.274044
-0.335785
-0.411267
-0.496883
-0.589126
-0.669274
-0.721233
-0.746182
-0.74592
-0.722721
-0.679232
-0.618409
-0.543454
-0.457761
-0.36484
-0.283674
-0.230778
-0.205337
-0.205718
-0.229587
-0.274044
-0.335785
-0.411267
-0.496883
-0.589126
-0.669274
-0.721233
-0.746182
-0.74592
-0.722721
-0.679232
-0.618409
-0.543454
-0.457761
-0.36484
-0.283674
-0.230778
-0.205337
-0.205718
-0.229587
-0.274044
-0.335785
-0.411267
-0.496883
-0.589126
-0.669274
-0.721233
-0.746182
-0.74592
-0.722721
-0.679232
-0.618409
-0.543454
-0.457761
-0.36484
-0.283674
-0.230778
-0.205337
-0.205718
-0.229587
-0.274044
-0.335785
-0.411267
-0.496883
-0.589126
-0.669274
-0.721233
-0.746182
-0.74592
-0.722721
-0.679232
-0.618409
-0.543454
-0.457761
-0.36484
-0.283674
-0.230778
-0.205337
-0.205718
-0.229587
-0.274044
-0.335785
-0.411267
-0.496883
-0.589126
-0.669274
-0.721233
-0.746182
-0.74592
-0.722721
-0.679232
-0.618409
-0.543454
-0.457761
-0.36484
-0.283674
-0.230778
-0.205337
-0.205718
-0.229587
-0.274044
-0.335785
-0.411267
-0.496883
-0.589126
-0.669274
-0.721233
-0.746182
-0.74592
-0.722721
-0.679232
-0.618409
-0.543454
-0.457761
-0.36484
-0.283674
-0.230778
-0.205337
-0.205718
-0.229587
-0.274044
-0.335785
-0.411267
-0.496883
-0.589126
-0.669274
-0.721233
-0.746182
-0.74592
-0.722721
-0.679232
-0.618409
-0.543454
-0.457761
-0.36484
-0.283674
-0.230778
-0.205337
-0.205718
-0.229587
-0.274044
-0.335785
-0.411267
-0.496883
-0.589126
-0.669274
-0.721233
-0.746182
-0.74592
-0.722721
-0.679232
-0.618409
-0.543454
-0.457761
-0.36484
-0.283674
-0.230778
-0.205337
-0.205718
-0.229587
-0.274044
-0.335785
-0.411267
-0.496883
-0.589126
-0.669274
-0.721233
-0.746182
-0.74592
-0.722721
-0.679232
-0.618409
-0.543454
-0.457761
-0.36484
-0.283674
-0.230778
-0.205337
-0.205718
-0.229587
-0.274044
-0.335785
-0.411267
-0.496883
-0.589126
-0.669274
-0.721233
-0.746182
-0.74592
-0.722721
-0.679232
-0.618409
-0.543454
-0.457761
-0.36484
-0.283674
-0.230778
-0.205337
-0.205718
-0.229587
-0.274044
-0.335785
-0.411267
-0.496883
-0.589126
-0.669274
-0.721233
-0.746182
-0.74592
-0.722721
-0.679232
-0.618409
-0.543454
-0.457761
-0.36484
-0.283674
-0.230778
-0.205337
-0.205718
-0.229587
-0.274044
-0.335785
-0.411267
-0.496883
-0.589126
-0.669274
-0.721233
-0.746182
-0.74592
-0.722721
-0.679232
-0.618409
-0.543454
-0.457761
-0.36484
-0.283674
-0.230778
-0.205337
-0.205718
-0.229587
-0.274044
-0.335785
-0.411267
-0.496883
-0.589126
-0.669274
-0.721233
-0.746182
-0.74592
-0.722721
-0.679232
-0.618409
-0.543454
-0.457761
-0.36484
-0.283674
-0.230778
-0.205337
-0.205718
-0.229587
-0.274044
-0.335785
-0.411267
-0.496883
-0.589126
-0.669274
-0.721233
-0.746182
-0.74592
-0.722721
-0.679232
-0.618409
-0.543454
-0.457761
-0.36484
-0.283674
-0.230778
-0.205337
-0.205718
-0.229587
-0.274044
-0.335785
-0.411267
-0.496883
-0.589126
-0.669274
-0.721233
-0.746182
-0.74592
-0.722721
-0.679232
-0.618409
-0.543454
-0.457761
-0.36484
-0.283674
-0.230778
-0.205337
-0.205718
-0.229587
-0.274044
-0.335785
-0.411267
-0.496883
-0.589126
-0.669274
-0.721233
-0.746182
-0.74592
-0.722721
-0.679232
-0.618409
-0.543454
-0.457761
-0.36484
-0.283674
-0.230778
-0.205337
-0.205718
-0.229587
-0.274044
-0.335785
-0.411267
-0.496883
-0.589126
-0.669274
-0.721233
-0.746182
-0.74592
-0.722721
-0.679232
-0.618409
-0.543454
-0.457761
-0.36484
-0.283674
-0.230778
-0.205337
-0.205718
-0.229587
-0.274044
-0.335785
-0.411267
-0.496883
-0.589126
-0.669274
-0.721233
-0.746182
-0.74592
-0.722721
-0.679232
-0.618409
-0.543454
-0.457761
-0.36484
-0.283674
-0.230778
-0.205337
-0.205718
-0.229587
-0.274044
-0.335785
-0.411267
-0.496883
-0.589126
-0.669274
-0.721233
-0.746182
-0.74592
-0.722721
-0.679232
-0.618409
-0.543454
-0.457761
-0.36484
-0.283674
-0.230778
-0.205337
-0.205718
-0.229587
-0.274044
-0.335785
-0.411267
-0.496883
-0.589126
-0.669274
-0.721233
-0.746182
-0.74592
-0.722721
-0.679232
-0.618409
-0.543454
-0.457761
-0.36484
-0.283674
-0.230778
-0.205337
-0.205718
-0.229587
-0.274044
-0.335785
-0.411267
-0.496883
-0.589126
-0.669274
-0.721233
-0.746182
-0.74592
-0.722721
-0.679232
-0.618409
-0.543454
-0.457761
-0.36484
-0.283674
-0.230778
-0.205337
-0.205718
-0.229587
-0.274044
-0.335785
-0.411267
-0.496883
-0.589126
-0.669274
-0.721233
-0.746182
-0.74592
-0.722721
-0.679232
-0.618409
-0.543454
-0.457761
-0.36484
-0.283674
-0.230778
-0.205337
-0.205718
-0.229587
-0.274044
-0.335785
-0.411267
-0.496883
-0.589126
-0.669274
-0.721233
-0.746182
-0.74592
-0.722721
-0.679232
-0.618409
-0.543454
-0.457761
-0.36484
-0.283674
-0.230778
-0.205337
-0.205718
-0.229587
-0.274044
-0.335785
-0.411267
-0.496883
-0.589126
-0.669274
-0.721233
-0.746182
-0.74592
-0.722721
-0.679232
-0.618409
-0.543454
-0.457761
-0.36484
-0.283674
-0.230778
-0.205337
-0.205718
-0.229587
-0.274044
-0.335785
-0.411267
-0.496883
-0.589126
-0.669274
-0.721233
-0.746182
-0.74592
-0.722721
-0.679232
-0.618409
-0.543454
-0.457761
-0.36484
-0.283674
-0.230778
-0.205337
-0.205718
-0.229587
-0.274044
-0.335785
-0.411267
-0.496883
-0.589126
-0.669274
-0.721233
-0.746182
-0.74592
-0.722721
-0.679232
-0.618409
-0.543454
-0.457761
-0.36484
-0.283674
-0.230778
-0.205337
-0.205718
-0.229587
-0.274044
-0.335785
-0.411267
-0.496883
-0.589126
-0.669274
-0.721233
-0.746182
-0.74592
-0.722721
-0.679232
-0.618409
-0.543454
-0.457761
-0.36484
-0.283674
-0.230778
-0.205337
-0.205718
-0.229587
-0.274044
-0.335785
-0.411267
-0.496883
-0.589126
-0.669274
-0.721233
-0.746182
-0.74592
-0.722721
-0.679232
-0.618409
-0.543454
-0.457761
-0.36484
-0.283674
-0.230778
-0.205337
-0.205718
-0.229587
-0.274044
-0.335785
-0.411267
-0.496883
-0.589126
-0.669274
-0.721233
-0.746182
-0.74592
-0.722721
-0.679232
-0.618409
-0.543454
-0.457761
-0.36484
-0.283674
-0.230778
-0.205337
-0.205718
-0.229587
-0.274044
-0.335785
-0.411267
-0.496883
-0.589126
-0.669274
-0.721233
-0.746182
-0.74592
-0.722721
-0.679232
-0.618409
-0.543454
-0.457761
-0.36484
-0.283674
-0.230778
-0.205337
-0.205718
-0.229587
-0.274044
-0.335785
-0.411267
-0.496883
-0.589126
-0.669274
-0.721233
-0.746182
-0.74592
-0.722721
-0.679232
-0.618409
-0.543454
-0.457761
-0.36484
-0.283674
-0.230778
-0.205337
-0.205718
-0.229587
-0.274044
-0.335785
-0.411267
-0.496883
-0.589126
-0.669274
-0.721233
-0.746182
-0.74592
-0.722721
-0.679232
-0.618409
-0.543454
-0.457761
-0.36484
-0.283674
-0.230778
-0.205337
-0.205718
-0.229587
-0.274044
-0.335785
-0.411267
-0.496883
-0.589126
-0.669274
-0.721233
-0.746182
-0.74592
-0.722721
-0.679232
-0.618409
-0.543454
-0.457761
-0.36484
-0.283674
-0.230778
-0.205337
-0.205718
-0.229587
-0.274044
-0.335785
-0.411267
-0.496883
-0.589126
-0.669274
-0.721233
-0.746182
-0.74592
-0.722721
-0.679232
-0.618409
-0.543454
-0.457761
-0.36484
-0.283674
-0.230778
-0.205337
-0.205718
-0.229587
-0.274044
-0.335785
-0.411267
-0.496883
-0.589126
-0.669274
-0.721233
-0.746182
-0.74592
-0.722721
-0.679232
-0.618409
-0.543454
-0.457761
-0.36484
-0.283674
-0.230778
-0.205337
-0.205718
-0.229587
-0.274044
-0.335785
-0.411267
-0.496883
-0.589126
-0.669274
-0.721233
-0.746182
-0.74592
-0.722721
-0.679232
-0.618409
-0.543454
-0.457761
-0.36484
-0.283674
-0.230778
-0.205337
-0.205718
-0.229587
-0.274044
-0.335785
-0.411267
-0.496883
-0.589126
-0.669274
-0.721233
-0.746182
-0.74592
-0.722721
-0.679232
-0.618409
-0.543454
-0.457761
-0.36484
-0.283674
-0.230778
-0.205337
-0.205718
-0.229587
-0.274044
-0.335785
-0.411267
-0.496883
-0.589126
-0.669274
-0.721233
-0.746182
-0.74592
-0.722721
-0.679232
-0.618409
-0.543454
-0.457761
-0.36484
-0.283674
-0.230778
-0.205337
-0.205718
-0.229587
-0.274044
-0.335785
-0.411267
-0.496883
-0.589126
-0.669274
-0.721233
-0.746182
-0.74592
-0.722721
-0.679232
-0.618409
-0.543454
-0.457761
-0.36484
-0.283674
-0.230778
-0.205337
-0.205718
-0.229587
-0.274044
-0.335785
-0.411267
-0.496883
-0.589126
-0.669274
-0.721233
-0.746182
-0.74592
-0.722721
-0.679232
-0.618409
-0.543454
-0.457761
-0.36484
-0.283674
-0.230778
-0.205337
-0.205718
-0.229587
-0.274044
-0.335785
-0.411267
-0.496883
-0.589126
-0.669274
-0.721233
-0.746182
-0.74592
-0.722721
-0.679232
-0.618409
-0.543454
-0.457761
-0.36484
-0.283674
-0.230778
-0.205337
-0.205718
-0.229587
-0.274044
-0.335785
-0.411267
-0.496883
-0.589126
-0.669274
-0.721233
-0.746182
-0.74592
-0.722721
-0.679232
-0.618409
-0.543454
-0.457761
-0.36484
-0.283674
-0.230778
-0.205337
-0.205718
-0.229587
-0.274044
-0.335785
-0.411267
-0.496883
-0.589126
-0.669274
-0.721233
-0.746182
-0.74592
-0.722721
-0.679232
-0.618409
-0.543454
-0.457761
-0.36484
-0.283674
-0.230778
-0.205337
-0.205718
-0.229587
-0.274044
-0.335785
-0.411267
-0.496883
-0.589126
-0.669274
-0.721233
-0.746182
-0.74592
-0.722721
-0.679232
-0.618409
-0.543454
-0.457761
-0.36484
-0.283674
-0.230778
-0.205337
-0.205718
-0.229587
-0.274044
-0.335785
-0.411267
-0.496883
-0.589126
-0.669274
-0.721233
-0.746182
-0.74592
-0.722721
-0.679232
-0.618409
-0.543454
-0.457761
-0.36484
-0.283674
-0.230778
-0.205337
-0.205718
-0.229587
-0.274044
-0.335785
-0.411267
-0.496883
-0.589126
-0.669274
-0.721233
-0.746182
-0.74592
-0.722721
-0.679232
-0.618409
-0.543454
-0.457761
-0.36484
-0.283674
-0.230778
-0.205337
-0.205718
-0.229587
-0.274044
-0.335785
-0.411267
-0.496883
-0.589126
-0.669274
-0.721233
-0.746182
-0.74592
-0.722721
-0.679232
-0.618409
-0.543454
-0.457761
-0.36484
-0.283674
-0.230778
-0.205337
-0.205718
-0.229587
-0.274044
-0.335785
-0.411267
-0.496883
-0.589126
-0.669274
-0.721233
-0.746182
-0.74592
-0.722721
-0.679232
-0.618409
-0.543454
-0.457761
-0.36484
-0.283674
-0.230778
-0.205337
-0.205718
-0.229587
-0.274044
-0.335785
-0.411267
-0.496883
-0.589126
-0.669274
-0.721233
-0.746182
-0.74592
-0.722721
-0.679232
-0.618409
-0.543454
-0.457761
-0.36484
-0.283674
-0.230778
-0.205337
-0.205718
-0.229587
-0.274044
-0.335785
-0.411267
-0.496883
-0.589126
-0.669274
-0.721233
-0.746182
-0.74592
-0.722721
-0.679232
-0.618409
-0.543454
-0.457761
-0.36484
-0.283674
-0.230778
-0.205337
-0.205718
-0.229587
-0.274044
-0.335785
-0.411267
-0.496883
-0.589126
-0.669274
-0.721233
-0.746182
-0.74592
-0.722721
-0.679232
-0.618409
-0.543454
-0.457761
-0.36484
-0.283674
-0.230778
-0.205337
-0.205718
-0.229587
-0.274044
-0.335785
-0.411267
-0.496883
-0.589126
-0.669274
-0.721233
-0.746182
-0.74592
-0.722721
-0.679232
-0.618409
-0.543454
-0.457761
-0.36484
-0.283674
-0.230778
-0.205337
-0.205718
-0.229587
-0.274044
-0.335785
-0.411267
-0.496883
-0.589126
-0.669274
-0.721233
-0.746182
-0.74592
-0.722721
-0.679232
-0.618409
-0.543454
-0.457761
-0.36484
-0.283674
-0.230778
-0.205337
-0.205718
-0.229587
-0.274044
-0.335785
-0.411267
-0.496883
-0.589126
-0.669274
-0.721233
-0.746182
-0.74592
-0.722721
-0.679232
-0.618409
-0.543454
-0.457761
-0.36484
-0.283674
-0.230778
-0.205337
-0.205718
-0.229587
-0.274044
-0.335785
-0.411267
-0.496883
-0.589126
-0.669274
-0.721233
-0.746182
-0.74592
-0.722721
-0.679232
-0.618409
-0.543454
-0.457761
-0.36484
-0.283674
-0.230778
-0.205337
-0.205718
-0.229587
-0.274044
-0.335785
-0.411267
-0.496883
-0.589126
-0.669274
-0.721233
-0.746182
-0.74592
-0.722721
-0.679232
-0.618409
-0.543454
-0.457761
-0.36484
-0.283674
-0.230778
-0.205337
-0.205718
-0.229587
-0.274044
-0.335785
-0.411267
-0.496883
-0.589126
-0.669274
-0.721233
-0.746182
-0.74592
-0.722721
-0.679232
-0.618409
-0.543454
-0.457761
-0.36484
-0.283674
-0.230778
-0.205337
-0.205718
-0.229587
-0.274044
-0.335785
-0.411267
-0.496883
-0.589126
-0.669274
-0.721233
-0.746182
-0.74592
-0.722721
-0.679232
-0.618409
-0.543454
-0.457761
-0.36484
-0.283674
-0.230778
-0.205337
-0.205718
-0.229587
-0.274044
-0.335785
-0.411267
-0.496883
-0.589126
-0.669274
-0.721233
-0.746182
-0.74592
-0.722721
-0.679232
-0.618409
-0.543454
-0.457761
-0.36484
-0.283674
-0.230778
-0.205337
-0.205718
-0.229587
-0.274044
-0.335785
-0.411267
-0.496883
-0.589126
-0.669274
-0.721233
-0.746182
-0.74592
-0.722721
-0.679232
-0.618409
-0.543454
-0.457761
-0.36484
-0.283674
-0.230778
-0.205337
-0.205718
-0.229587
-0.274044
-0.335785
-0.411267
-0.496883
-0.589126
-0.669274
-0.721233
-0.746182
-0.74592
-0.722721
-0.679232
-0.618409
-0.543454
-0.457761
-0.36484
-0.283674
-0.230778
-0.205337
-0.205718
-0.229587
-0.274044
-0.335785
-0.411267
-0.496883
-0.589126
-0.669274
-0.721233
-0.746182
-0.74592
-0.722721
-0.679232
-0.618409
-0.543454
-0.457761
-0.36484
-0.283674
-0.230778
-0.205337
-0.205718
-0.229587
-0.274044
-0.335785
-0.411267
-0.496883
-0.589126
-0.669274
-0.721233
-0.746182
-0.74592
-0.722721
-0.679232
-0.618409
-0.543454
-0.457761
-0.36484
-0.283674
-0.230778
-0.205337
-0.205718
-0.229587
-0.274044
-0.335785
-0.411267
-0.496883
-0.589126
-0.669274
-0.721233
-0.746182
-0.74592
-0.722721
-0.679232
-0.618409
-0.543454
-0.457761
-0.36484
-0.283674
-0.230778
-0.205337
-0.205718
-0.229587
-0.274044
-0.335785
-0.411267
-0.496883
-0.589126
-0.669274
-0.721233
-0.746182
-0.74592
-0.722721
-0.679232
-0.618409
-0.543454
-0.457761
-0.36484
-0.283674
-0.230778
-0.205337
-0.205718
-0.229587
-0.274044
-0.335785
-0.411267
-0.496883
-0.589126
-0.669274
-0.721233
-0.746182
-0.74592
-0.722721
-0.679232
-0.618409
-0.543454
-0.457761
-0.36484
-0.283674
-0.230778
-0.205337
-0.205718
-0.229587
-0.274044
-0.335785
-0.411267
-0.496883
-0.589126
-0.669274
-0.721233
-0.746182
-0.74592
-0.722721
-0.679232
-0.618409
-0.543454
-0.457761
-0.36484
-0.283674
-0.230778
-0.205337
-0.205718
-0.229587
-0.274044
-0.335785
-0.411267
-0.496883
-0.589126
-0.669274
-0.721233
-0.746182
-0.74592
-0.722721
-0.679232
-0.618409
-0.543454
-0.457761
-0.36484
-0.283674
-0.230778
-0.205337
-0.205718
-0.229587
-0.274044
-0.335785
-0.411267
-0.496883
-0.589126
-0.669274
-0.721233
-0.746182
-0.74592
-0.722721
-0.679232
-0.618409
-0.543454
-0.457761
-0.36484
-0.283674
-0.230778
-0.205337
-0.205718
-0.229587
-0.274044
-0.335785
-0.411267
-0.496883
-0.589126
-0.669274
-0.721233
-0.746182
-0.74592
-0.722721
-0.679232
-0.618409
-0.543454
-0.457761
-0.36484
-0.283674
-0.230778
-0.205337
-0.205718
-0.229587
-0.274044
-0.335785
-0.411267
-0.496883
-0.589126
-0.669274
-0.721233
-0.746182
-0.74592
-0.722721
-0.679232
-0.618409
-0.543454
-0.457761
-0.36484
-0.283674
-0.230778
-0.205337
-0.205718
-0.229587
-0.274044
-0.335785
-0.411267
-0.496883
-0.589126
-0.669274
-0.721233
-0.746182
-0.74592
-0.722721
-0.679232
-0.618409
-0.543454
-0.457761
-0.36484
-0.283674
-0.230778
-0.205337
-0.205718
-0.229587
-0.274044
-0.335785
-0.411267
-0.496883
-0.589126
-0.669274
-0.721233
-0.746182
-0.74592
-0.722721
-0.679232
-0.618409
-0.543454
-0.457761
-0.36484
-0.283674
-0.230778
-0.205337
-0.205718
-0.229587
-0.274044
-0.335785
-0.411267
-0.496883
-0.589126
-0.669274
-0.721233
-0.746182
-0.74592
-0.722721
-0.679232
-0.618409
-0.543454
-0.457761
-0.36484
-0.283674
-0.230778
-0.205337
-0.205718
-0.229587
-0.274044
-0.335785
-0.411267
-0.496883
-0.589126
-0.669274
-0.721233
-0.746182
-0.74592
-0.722721
-0.679232
-0.618409
-0.543454
-0.457761
-0.36484
-0.283674
-0.230778
-0.205337
-0.205718
-0.229587
-0.274044
-0.335785
-0.411267
-0.496883
-0.589126
-0.669274
-0.721233
-0.746182
-0.74592
-0.722721
-0.679232
-0.618409
-0.543454
-0.457761
-0.36484
-0.283674
-0.230778
-0.205337
-0.205718
-0.229587
-0.274044
-0.335785
-0.411267
-0.496883
-0.589126
-0.669274
-0.721233
-0.746182
-0.74592
-0.722721
-0.679232
-0.618409
-0.543454
-0.457761
-0.36484
-0.283674
-0.230778
-0.205337
-0.205718
-0.229587
-0.274044
-0.335785
-0.411267
-0.496883
-0.589126
-0.669274
-0.721233
-0.746182
-0.74592
-0.722721
-0.679232
-0.618409
-0.543454
-0.457761
-0.36484
-0.283674
-0.230778
-0.205337
-0.205718
-0.229587
-0.274044
-0.335785
-0.411267
-0.496883
-0.589126
-0.669274
-0.721233
-0.746182
-0.74592
-0.722721
-0.679232
-0.618409
-0.543454
-0.457761
-0.36484
-0.283674
-0.230778
-0.205337
-0.205718
-0.229587
-0.274044
-0.335785
-0.411267
-0.496883
-0.589126
-0.669274
-0.721233
-0.746182
-0.74592
-0.722721
-0.679232
-0.618409
-0.543454
-0.457761
-0.36484
-0.283674
-0.230778
-0.205337
-0.205718
-0.229587
-0.274044
-0.335785
-0.411267
-0.496883
-0.589126
-0.669274
-0.721233
-0.746182
-0.74592
-0.722721
-0.679232
-0.618409
-0.543454
-0.457761
-0.36484
-0.283674
-0.230778
-0.205337
-0.205718
-0.229587
-0.274044
-0.335785
-0.411267
-0.496883
-0.589126
-0.669274
-0.721233
-0.746182
-0.74592
-0.722721
-0.679232
-0.618409
-0.543454
-0.457761
-0.36484
-0.283674
-0.230778
-0.205337
-0.205718
-0.229587
-0.274044
-0.335785
-0.411267
-0.496883
-0.589126
-0.669274
-0.721233
-0.746182
-0.74592
-0.722721
-0.679232
-0.618409
-0.543454
-0.457761
-0.36484
-0.283674
-0.230778
-0.205337
-0.205718
-0.229587
-0.274044
-0.335785
-0.411267
-0.496883
-0.589126
-0.669274
-0.721233
-0.746182
-0.74592
-0.722721
-0.679232
-0.618409
-0.543454
-0.457761
-0.36484
-0.283674
-0.230778
-0.205337
-0.205718
-0.229587
-0.274044
-0.335785
-0.411267
-0.496883
-0.589126
-0.669274
-0.721233
-0.746182
-0.74592
-0.722721
-0.679232
-0.618409
-0.543454
-0.457761
-0.36484
-0.283674
-0.230778
-0.205337
-0.205718
-0.229587
-0.274044
-0.335785
-0.411267
-0.496883
-0.589126
-0.669274
-0.721233
-0.746182
-0.74592
-0.722721
-0.679232
-0.618409
-0.543454
-0.457761
-0.36484
-0.283674
-0.230778
-0.205337
-0.205718
-0.229587
-0.274044
-0.335785
-0.411267
-0.496883
-0.589126
-0.669274
-0.721233
-0.746182
-0.74592
-0.722721
-0.679232
-0.618409
-0.543454
-0.457761
-0.36484
-0.283674
-0.230778
-0.205337
-0.205718
-0.229587
-0.274044
-0.335785
-0.411267
-0.496883
-0.589126
-0.669274
-0.721233
-0.746182
-0.74592
-0.722721
-0.679232
-0.618409
-0.543454
-0.457761
-0.36484
-0.283674
-0.230778
-0.205337
-0.205718
-0.229587
-0.274044
-0.335785
-0.411267
-0.496883
-0.589126
-0.669274
-0.721233
-0.746182
-0.74592
-0.722721
-0.679232
-0.618409
-0.543454
-0.457761
-0.36484
-0.283674
-0.230778
-0.205337
-0.205718
-0.229587
-0.274044
-0.335785
-0.411267
-0.496883
-0.589126
-0.669274
-0.721233
-0.746182
-0.74592
-0.722721
-0.679232
-0.618409
-0.543454
-0.457761
-0.36484
-0.283674
-0.230778
-0.205337
-0.205718
-0.229587
-0.274044
-0.335785
-0.411267
-0.496883
-0.589126
-0.669274
-0.721233
-0.746182
-0.74592
-0.722721
-0.679232
-0.618409
-0.543454
-0.457761
-0.36484
-0.283674
-0.230778
-0.205337
-0.205718
-0.229587
-0.274044
-0.335785
-0.411267
-0.496883
-0.589126
-0.669274
-0.721233
-0.746182
-0.74592
-0.722721
-0.679232
-0.618409
-0.543454
-0.457761
-0.36484
-0.283674
-0.230778
-0.205337
-0.205718
-0.229587
-0.274044
-0.335785
-0.411267
-0.496883
-0.589126
-0.669274
-0.721233
-0.746182
-0.74592
-0.722721
-0.679232
-0.618409
-0.543454
-0.457761
-0.36484
-0.283674
-0.230778
-0.205337
-0.205718
-0.229587
-0.274044
-0.335785
-0.411267
-0.496883
-0.589126
-0.669274
-0.721233
-0.746182
-0.74592
-0.722721
-0.679232
-0.618409
-0.543454
-0.457761
-0.36484
-0.283674
-0.230778
-0.205337
-0.205718
-0.229587
-0.274044
-0.335785
-0.411267
-0.496883
-0.589126
-0.669274
-0.721233
-0.746182
-0.74592
-0.722721
-0.679232
-0.618409
-0.543454
-0.457761
-0.36484
-0.283674
-0.230778
-0.205337
-0.205718
-0.229587
-0.274044
-0.335785
-0.411267
-0.496883
-0.589126
-0.669274
-0.721233
-0.746182
-0.74592
-0.722721
-0.679232
-0.618409
-0.543454
-0.457761
-0.36484
-0.283674
-0.230778
-0.205337
-0.205718
-0.229587
-0.274044
-0.335785
-0.411267
-0.496883
-0.589126
-0.669274
-0.721233
-0.746182
-0.74592
-0.722721
-0.679232
-0.618409
-0.543454
-0.457761
-0.36484
-0.283674
-0.230778
-0.205337
-0.205718
-0.229587
-0.274044
-0.335785
-0.411267
-0.496883
-0.589126
-0.669274
-0.721233
-0.746182
-0.74592
-0.722721
-0.679232
-0.618409
-0.543454
-0.457761
-0.36484
-0.283674
-0.230778
-0.205337
-0.205718
-0.229587
-0.274044
-0.335785
-0.411267
-0.496883
-0.589126
-0.669274
-0.721233
-0.746182
-0.74592
-0.722721
-0.679232
-0.618409
-0.543454
-0.457761
-0.36484
-0.283674
-0.230778
-0.205337
-0.205718
-0.229587
-0.274044
-0.335785
-0.411267
-0.496883
-0.589126
-0.669274
-0.721233
-0.746182
-0.74592
-0.722721
-0.679232
-0.618409
-0.543454
-0.457761
-0.36484
-0.283674
-0.230778
-0.205337
-0.205718
-0.229587
-0.274044
-0.335785
-0.411267
-0.496883
-0.589126
-0.669274
-0.721233
-0.746182
-0.74592
-0.722721
-0.679232
-0.618409
-0.543454
-0.457761
-0.36484
-0.283674
-0.230778
-0.205337
-0.205718
-0.229587
-0.274044
-0.335785
-0.411267
-0.496883
-0.589126
-0.669274
-0.721233
-0.746182
-0.74592
-0.722721
-0.679232
-0.618409
-0.543454
-0.457761
-0.36484
-0.283674
-0.230778
-0.205337
-0.205718
-0.229587
-0.274044
-0.335785
-0.411267
-0.496883
-0.589126
-0.669274
-0.721233
-0.746182
-0.74592
-0.722721
-0.679232
-0.618409
-0.543454
-0.457761
-0.36484
-0.283674
-0.230778
-0.205337
-0.205718
-0.229587
-0.274044
-0.335785
-0.411267
-0.496883
-0.589126
-0.669274
-0.721233
-0.746182
-0.74592
-0.722721
-0.679232
-0.618409
-0.543454
-0.457761
-0.36484
-0.283674
-0.230778
-0.205337
-0.205718
-0.229587
-0.274044
-0.335785
-0.411267
-0.496883
-0.589126
-0.669274
-0.721233
-0.746182
-0.74592
-0.722721
-0.679232
-0.618409
-0.543454
-0.457761
-0.36484
-0.283674
-0.230778
-0.205337
-0.205718
-0.229587
-0.274044
-0.335785
-0.411267
-0.496883
-0.589126
-0.669274
-0.721233
-0.746182
-0.74592
-0.722721
-0.679232
-0.618409
-0.543454
-0.457761
-0.36484
-0.283674
-0.230778
-0.205337
-0.205718
-0.229587
-0.274044
-0.335785
-0.411267
-0.496883
-0.589126
-0.669274
-0.721233
-0.746182
-0.74592
-0.722721
-0.679232
-0.618409
-0.543454
-0.457761
-0.36484
-0.283674
-0.230778
-0.205337
-0.205718
-0.229587
-0.274044
-0.335785
-0.411267
-0.496883
-0.589126
-0.669274
-0.721233
-0.746182
-0.74592
-0.722721
-0.679232
-0.618409
-0.543454
-0.457761
-0.36484
-0.283674
-0.230778
-0.205337
-0.205718
-0.229587
-0.274044
-0.335785
-0.411267
-0.496883
-0.589126
-0.669274
-0.721233
-0.746182
-0.74592
-0.722721
-0.679232
-0.618409
-0.543454
-0.457761
-0.36484
-0.283674
-0.230778
-0.205337
-0.205718
-0.229587
-0.274044
-0.335785
-0.411267
-0.496883
-0.589126
-0.669274
-0.721233
-0.746182
-0.74592
-0.722721
-0.679232
-0.618409
-0.543454
-0.457761
-0.36484
-0.283674
-0.230778
-0.205337
-0.205718
-0.229587
-0.274044
-0.335785
-0.411267
-0.496883
-0.589126
-0.669274
-0.721233
-0.746182
-0.74592
-0.722721
-0.679232
-0.618409
-0.543454
-0.457761
-0.36484
-0.283674
-0.230778
-0.205337
-0.205718
-0.229587
-0.274044
-0.335785
-0.411267
-0.496883
-0.589126
-0.669274
-0.721233
-0.746182
-0.74592
-0.722721
-0.679232
-0.618409
-0.543454
-0.457761
-0.36484
-0.283674
-0.230778
-0.205337
-0.205718
-0.229587
-0.274044
-0.335785
-0.411267
-0.496883
-0.589126
-0.669274
-0.721233
-0.746182
-0.74592
-0.722721
-0.679232
-0.618409
-0.543454
-0.457761
-0.36484
-0.283674
-0.230778
-0.205337
-0.205718
-0.229587
-0.274044
-0.335785
-0.411267
-0.496883
-0.589126
-0.669274
-0.721233
-0.746182
-0.74592
-0.722721
-0.679232
-0.618409
-0.543454
-0.457761
-0.36484
-0.283674
-0.230778
-0.205337
-0.205718
-0.229587
-0.274044
-0.335785
-0.411267
-0.496883
-0.589126
-0.669274
-0.721233
-0.746182
-0.74592
-0.722721
-0.679232
-0.618409
-0.543454
-0.457761
-0.36484
-0.283674
-0.230778
-0.205337
-0.205718
-0.229587
-0.274044
-0.335785
-0.411267
-0.496883
-0.589126
-0.669274
-0.721233
-0.746182
-0.74592
-0.722721
-0.679232
-0.618409
-0.543454
-0.457761
-0.36484
-0.283674
-0.230778
-0.205337
-0.205718
-0.229587
-0.274044
-0.335785
-0.411267
-0.496883
-0.589126
-0.669274
-0.721233
-0.746182
-0.74592
-0.722721
-0.679232
-0.618409
-0.543454
-0.457761
-0.36484
-0.283674
-0.230778
-0.205337
-0.205718
-0.229587
-0.274044
-0.335785
-0.411267
-0.496883
-0.589126
-0.669274
-0.721233
-0.746182
-0.74592
-0.722721
-0.679232
-0.618409
-0.543454
-0.457761
-0.36484
-0.283674
-0.230778
-0.205337
-0.205718
-0.229587
-0.274044
-0.335785
-0.411267
-0.496883
-0.589126
-0.669274
-0.721233
-0.746182
-0.74592
-0.722721
-0.679232
-0.618409
-0.543454
-0.457761
-0.36484
-0.283674
-0.230778
-0.205337
-0.205718
-0.229587
-0.274044
-0.335785
-0.411267
-0.496883
-0.589126
-0.669274
-0.721233
-0.746182
-0.74592
-0.722721
-0.679232
-0.618409
-0.543454
-0.457761
-0.36484
-0.283674
-0.230778
-0.205337
-0.205718
-0.229587
-0.274044
-0.335785
-0.411267
-0.496883
-0.589126
-0.669274
-0.721233
-0.746182
-0.74592
-0.722721
-0.679232
-0.618409
-0.543454
-0.457761
-0.36484
-0.283674
-0.230778
-0.205337
-0.205718
-0.229587
-0.274044
-0.335785
-0.411267
-0.496883
-0.589126
-0.669274
-0.721233
-0.746182
-0.74592
-0.722721
-0.679232
-0.618409
-0.543454
-0.457761
-0.36484
-0.283674
-0.230778
-0.205337
-0.205718
-0.229587
-0.274044
-0.335785
-0.411267
-0.496883
-0.589126
-0.669274
-0.721233
-0.746182
-0.74592
-0.722721
-0.679232
-0.618409
-0.543454
-0.457761
-0.36484
-0.283674
-0.230778
-0.205337
-0.205718
-0.229587
-0.274044
-0.335785
-0.411267
-0.496883
-0.589126
-0.669274
-0.721233
-0.746182
-0.74592
-0.722721
-0.679232
-0.618409
-0.543454
-0.457761
-0.36484
-0.283674
-0.230778
-0.205337
-0.205718
-0.229587
-0.274044
-0.335785
-0.411267
-0.496883
-0.589126
-0.669274
-0.721233
-0.746182
-0.74592
-0.722721
-0.679232
-0.618409
-0.543454
-0.457761
-0.36484
-0.283674
-0.230778
-0.205337
-0.205718
-0.229587
-0.274044
-0.335785
-0.411267
-0.496883
-0.589126
-0.669274
-0.721233
-0.746182
-0.74592
-0.722721
-0.679232
-0.618409
-0.543454
-0.457761
-0.36484
-0.283674
-0.230778
-0.205337
-0.205718
-0.229587
-0.274044
-0.335785
-0.411267
-0.496883
-0.589126
-0.669274
-0.721233
-0.746182
-0.74592
-0.722721
-0.679232
-0.618409
-0.543454
-0.457761
-0.36484
-0.283674
-0.230778
-0.205337
-0.205718
-0.229587
-0.274044
-0.335785
-0.411267
-0.496883
-0.589126
-0.669274
-0.721233
-0.746182
-0.74592
-0.722721
-0.679232
-0.618409
-0.543454
-0.457761
-0.36484
-0.283674
-0.230778
-0.205337
-0.205718
-0.229587
-0.274044
-0.335785
-0.411267
-0.496883
-0.589126
-0.669274
-0.721233
-0.746182
-0.74592
-0.722721
-0.679232
-0.618409
-0.543454
-0.457761
-0.36484
-0.283674
-0.230778
-0.205337
-0.205718
-0.229587
-0.274044
-0.335785
-0.411267
-0.496883
-0.589126
-0.669274
-0.721233
-0.746182
-0.74592
-0.722721
-0.679232
-0.618409
-0.543454
-0.457761
-0.36484
-0.283674
-0.230778
-0.205337
-0.205718
-0.229587
-0.274044
-0.335785
-0.411267
-0.496883
-0.589126
-0.669274
-0.721233
-0.746182
-0.74592
-0.722721
-0.679232
-0.618409
-0.543454
-0.457761
-0.36484
-0.283674
-0.230778
-0.205337
-0.205718
-0.229587
-0.274044
-0.335785
-0.411267
-0.496883
-0.589126
-0.669274
-0.721233
-0.746182
-0.74592
-0.722721
-0.679232
-0.618409
-0.543454
-0.457761
-0.36484
-0.283674
-0.230778
-0.205337
-0.205718
-0.229587
-0.274044
-0.335785
-0.411267
-0.496883
-0.589126
-0.669274
-0.721233
-0.746182
-0.74592
-0.722721
-0.679232
-0.618409
-0.543454
-0.457761
-0.36484
-0.283674
-0.230778
-0.205337
-0.205718
-0.229587
-0.274044
-0.335785
-0.411267
-0.496883
-0.589126
-0.669274
-0.721233
-0.746182
-0.74592
-0.722721
-0.679232
-0.618409
-0.543454
-0.457761
-0.36484
-0.283674
-0.230778
-0.205337
-0.205718
-0.229587
-0.274044
-0.335785
-0.411267
-0.496883
-0.589126
-0.669274
-0.721233
-0.746182
-0.74592
-0.722721
-0.679232
-0.618409
-0.543454
-0.457761
-0.36484
-0.283674
-0.230778
-0.205337
-0.205718
-0.229587
-0.274044
-0.335785
-0.411267
-0.496883
-0.589126
-0.669274
-0.721233
-0.746182
-0.74592
-0.722721
-0.679232
-0.618409
-0.543454
-0.457761
-0.36484
-0.283674
-0.230778
-0.205337
-0.205718
-0.229587
-0.274044
-0.335785
-0.411267
-0.496883
-0.589126
-0.669274
-0.721233
-0.746182
-0.74592
-0.722721
-0.679232
-0.618409
-0.543454
-0.457761
-0.36484
-0.283674
-0.230778
-0.205337
-0.205718
-0.229587
-0.274044
-0.335785
-0.411267
-0.496883
-0.589126
-0.669274
-0.721233
-0.746182
-0.74592
-0.722721
-0.679232
-0.618409
-0.543454
-0.457761
-0.36484
-0.283674
-0.230778
-0.205337
-0.205718
-0.229587
-0.274044
-0.335785
-0.411267
-0.496883
-0.589126
-0.669274
-0.721233
-0.746182
-0.74592
-0.722721
-0.679232
-0.618409
-0.543454
-0.457761
-0.36484
-0.283674
-0.230778
-0.205337
-0.205718
-0.229587
-0.274044
-0.335785
-0.411267
-0.496883
-0.589126
-0.669274
-0.721233
-0.746182
-0.74592
-0.722721
-0.679232
-0.618409
-0.543454
-0.457761
-0.36484
-0.283674
-0.230778
-0.205337
-0.205718
-0.229587
-0.274044
-0.335785
-0.411267
-0.496883
-0.589126
-0.669274
-0.721233
-0.746182
-0.74592
-0.722721
-0.679232
-0.618409
-0.543454
-0.457761
-0.36484
-0.283674
-0.230778
-0.205337
-0.205718
-0.229587
-0.274044
-0.335785
-0.411267
-0.496883
-0.589126
-0.669274
-0.721233
-0.746182
-0.74592
-0.722721
-0.679232
-0.618409
-0.543454
-0.457761
-0.36484
-0.283674
-0.230778
-0.205337
-0.205718
-0.229587
-0.274044
-0.335785
-0.411267
-0.496883
-0.589126
-0.669274
-0.721233
-0.746182
-0.74592
-0.722721
-0.679232
-0.618409
-0.543454
-0.457761
-0.36484
-0.283674
-0.230778
-0.205337
-0.205718
-0.229587
-0.274044
-0.335785
-0.411267
-0.496883
-0.589126
-0.669274
-0.721233
-0.746182
-0.74592
-0.722721
-0.679232
-0.618409
-0.543454
-0.457761
-0.36484
-0.283674
-0.230778
-0.205337
-0.205718
-0.229587
-0.274044
-0.335785
-0.411267
-0.496883
-0.589126
-0.669274
-0.721233
-0.746182
-0.74592
-0.722721
-0.679232
-0.618409
-0.543454
-0.457761
-0.36484
-0.283674
-0.230778
-0.205337
-0.205718
-0.229587
-0.274044
-0.335785
-0.411267
-0.496883
-0.589126
-0.669274
-0.721233
-0.746182
-0.74592
-0.722721
-0.679232
-0.618409
-0.543454
-0.457761
-0.36484
-0.283674
-0.230778
-0.205337
-0.205718
-0.229587
-0.274044
-0.335785
-0.411267
-0.496883
-0.589126
-0.669274
-0.721233
-0.746182
-0.74592
-0.722721
-0.679232
-0.618409
-0.543454
-0.457761
-0.36484
-0.283674
-0.230778
-0.205337
-0.205718
-0.229587
-0.274044
-0.335785
-0.411267
-0.496883
-0.589126
-0.669274
-0.721233
-0.746182
-0.74592
-0.722721
-0.679232
-0.618409
-0.543454
-0.457761
-0.36484
-0.283674
-0.230778
-0.205337
-0.205718
-0.229587
-0.274044
-0.335785
-0.411267
-0.496883
-0.589126
-0.669274
-0.721233
-0.746182
-0.74592
-0.722721
-0.679232
-0.618409
-0.543454
-0.457761
-0.36484
-0.283674
-0.230778
-0.205337
-0.205718
-0.229587
-0.274044
-0.335785
-0.411267
-0.496883
-0.589126
-0.669274
-0.721233
-0.746182
-0.74592
-0.722721
-0.679232
-0.618409
-0.543454
-0.457761
-0.36484
-0.283674
-0.230778
-0.205337
-0.205718
-0.229587
-0.274044
-0.335785
-0.411267
-0.496883
-0.589126
-0.669274
-0.721233
-0.746182
-0.74592
-0.722721
-0.679232
-0.618409
-0.543454
-0.457761
-0.36484
-0.283674
-0.230778
-0.205337
-0.205718
-0.229587
-0.274044
-0.335785
-0.411267
-0.496883
-0.589126
-0.669274
-0.721233
-0.746182
-0.74592
-0.722721
-0.679232
-0.618409
-0.543454
-0.457761
-0.36484
-0.283674
-0.230778
-0.205337
-0.205718
-0.229587
-0.274044
-0.335785
-0.411267
-0.496883
-0.589126
-0.669274
-0.721233
-0.746182
-0.74592
-0.722721
-0.679232
-0.618409
-0.543454
-0.457761
-0.36484
-0.283674
-0.230778
-0.205337
-0.205718
-0.229587
-0.274044
-0.335785
-0.411267
-0.496883
-0.589126
-0.669274
-0.721233
-0.746182
-0.74592
-0.722721
-0.679232
-0.618409
-0.543454
-0.457761
-0.36484
-0.283674
-0.230778
-0.205337
-0.205718
-0.229587
-0.274044
-0.335785
-0.411267
-0.496883
-0.589126
-0.669274
-0.721233
-0.746182
-0.74592
-0.722721
-0.679232
-0.618409
-0.543454
-0.457761
-0.36484
-0.283674
-0.230778
-0.205337
-0.205718
-0.229587
-0.274044
-0.335785
-0.411267
-0.496883
-0.589126
-0.669274
-0.721233
-0.746182
-0.74592
-0.722721
-0.679232
-0.618409
-0.543454
-0.457761
-0.36484
-0.283674
-0.230778
-0.205337
-0.205718
-0.229587
-0.274044
-0.335785
-0.411267
-0.496883
-0.589126
-0.669274
-0.721233
-0.746182
-0.74592
-0.722721
-0.679232
-0.618409
-0.543454
-0.457761
-0.36484
-0.283674
-0.230778
-0.205337
-0.205718
-0.229587
-0.274044
-0.335785
-0.411267
-0.496883
-0.589126
-0.669274
-0.721233
-0.746182
-0.74592
-0.722721
-0.679232
-0.618409
-0.543454
-0.457761
-0.36484
-0.283674
-0.230778
-0.205337
-0.205718
-0.229587
-0.274044
-0.335785
-0.411267
-0.496883
-0.589126
-0.669274
-0.721233
-0.746182
-0.74592
-0.722721
-0.679232
-0.618409
-0.543454
-0.457761
-0.36484
-0.283674
-0.230778
-0.205337
-0.205718
-0.229587
-0.274044
-0.335785
-0.411267
-0.496883
-0.589126
-0.669274
-0.721233
-0.746182
-0.74592
-0.722721
-0.679232
-0.618409
-0.543454
-0.457761
-0.36484
-0.283674
-0.230778
-0.205337
-0.205718
-0.229587
-0.274044
-0.335785
-0.411267
-0.496883
-0.589126
-0.669274
-0.721233
-0.746182
-0.74592
-0.722721
-0.679232
-0.618409
-0.543454
-0.457761
-0.36484
-0.283674
-0.230778
-0.205337
-0.205718
-0.229587
-0.274044
-0.335785
-0.411267
-0.496883
-0.589126
-0.669274
-0.721233
-0.746182
-0.74592
-0.722721
-0.679232
-0.618409
-0.543454
-0.457761
-0.36484
-0.283674
-0.230778
-0.205337
-0.205718
-0.229587
-0.274044
-0.335785
-0.411267
-0.496883
-0.589126
-0.669274
-0.721233
-0.746182
-0.74592
-0.722721
-0.679232
-0.618409
-0.543454
-0.457761
-0.36484
-0.283674
-0.230778
-0.205337
-0.205718
-0.229587
-0.274044
-0.335785
-0.411267
-0.496883
-0.589126
-0.669274
-0.721233
-0.746182
-0.74592
-0.722721
-0.679232
-0.618409
-0.543454
-0.457761
-0.36484
-0.283674
-0.230778
-0.205337
-0.205718
-0.229587
-0.274044
-0.335785
-0.411267
-0.496883
-0.589126
-0.669274
-0.721233
-0.746182
-0.74592
-0.722721
-0.679232
-0.618409
-0.543454
-0.457761
-0.36484
-0.283674
-0.230778
-0.205337
-0.205718
-0.229587
-0.274044
-0.335785
-0.411267
-0.496883
-0.589126
-0.669274
-0.721233
-0.746182
-0.74592
-0.722721
-0.679232
-0.618409
-0.543454
-0.457761
-0.36484
-0.283674
-0.230778
-0.205337
-0.205718
-0.229587
-0.274044
-0.335785
-0.411267
-0.496883
-0.589126
-0.669274
-0.721233
-0.746182
-0.74592
-0.722721
-0.679232
-0.618409
-0.543454
-0.457761
-0.36484
-0.283674
-0.230778
-0.205337
-0.205718
-0.229587
-0.274044
-0.335785
-0.411267
-0.496883
-0.589126
-0.669274
-0.721233
-0.746182
-0.74592
-0.722721
-0.679232
-0.618409
-0.543454
-0.457761
-0.36484
-0.283674
-0.230778
-0.205337
-0.205718
-0.229587
-0.274044
-0.335785
-0.411267
-0.496883
-0.589126
-0.669274
-0.721233
-0.746182
-0.74592
-0.722721
-0.679232
-0.618409
-0.543454
-0.457761
-0.36484
-0.283674
-0.230778
-0.205337
-0.205718
-0.229587
-0.274044
-0.335785
-0.411267
-0.496883
-0.589126
-0.669274
-0.721233
-0.746182
-0.74592
-0.722721
-0.679232
-0.618409
-0.543454
-0.457761
-0.36484
-0.283674
-0.230778
-0.205337
-0.205718
-0.229587
-0.274044
-0.335785
-0.411267
-0.496883
-0.589126
-0.669274
-0.721233
-0.746182
-0.74592
-0.722721
-0.679232
-0.618409
-0.543454
-0.457761
-0.36484
-0.283674
-0.230778
-0.205337
-0.205718
-0.229587
-0.274044
-0.335785
-0.411267
-0.496883
-0.589126
-0.669274
-0.721233
-0.746182
-0.74592
-0.722721
-0.679232
-0.618409
-0.543454
-0.457761
-0.36484
-0.283674
-0.230778
-0.205337
-0.205718
-0.229587
-0.274044
-0.335785
-0.411267
-0.496883
-0.589126
-0.669274
-0.721233
-0.746182
-0.74592
-0.722721
-0.679232
-0.618409
-0.543454
-0.457761
-0.36484
-0.283674
-0.230778
-0.205337
-0.205718
-0.229587
-0.274044
-0.335785
-0.411267
-0.496883
-0.589126
-0.669274
-0.721233
-0.746182
-0.74592
-0.722721
-0.679232
-0.618409
-0.543454
-0.457761
-0.36484
-0.283674
-0.230778
-0.205337
-0.205718
-0.229587
-0.274044
-0.335785
-0.411267
-0.496883
-0.589126
-0.669274
-0.721233
-0.746182
-0.74592
-0.722721
-0.679232
-0.618409
-0.543454
-0.457761
-0.36484
-0.283674
-0.230778
-0.205337
-0.205718
-0.229587
-0.274044
-0.335785
-0.411267
-0.496883
-0.589126
-0.669274
-0.721233
-0.746182
-0.74592
-0.722721
-0.679232
-0.618409
-0.543454
-0.457761
-0.36484
-0.283674
-0.230778
-0.205337
-0.205718
-0.229587
-0.274044
-0.335785
-0.411267
-0.496883
-0.589126
-0.669274
-0.721233
-0.746182
-0.74592
-0.722721
-0.679232
-0.618409
-0.543454
-0.457761
-0.36484
-0.283674
-0.230778
-0.205337
-0.205718
-0.229587
-0.274044
-0.335785
-0.411267
-0.496883
-0.589126
-0.669274
-0.721233
-0.746182
-0.74592
-0.722721
-0.679232
-0.618409
-0.543454
-0.457761
-0.36484
-0.283674
-0.230778
-0.205337
-0.205718
-0.229587
-0.274044
-0.335785
-0.411267
-0.496883
-0.589126
-0.669274
-0.721233
-0.746182
-0.74592
-0.722721
-0.679232
-0.618409
-0.543454
-0.457761
-0.36484
-0.283674
-0.230778
-0.205337
-0.205718
-0.229587
-0.274044
-0.335785
-0.411267
-0.496883
-0.589126
-0.669274
-0.721233
-0.746182
-0.74592
-0.722721
-0.679232
-0.618409
-0.543454
-0.457761
-0.36484
-0.283674
-0.230778
-0.205337
-0.205718
-0.229587
-0.274044
-0.335785
-0.411267
-0.496883
-0.589126
-0.669274
-0.721233
-0.746182
-0.74592
-0.722721
-0.679232
-0.618409
-0.543454
-0.457761
-0.36484
-0.283674
-0.230778
-0.205337
-0.205718
-0.229587
-0.274044
-0.335785
-0.411267
-0.496883
-0.589126
-0.669274
-0.721233
-0.746182
-0.74592
-0.722721
-0.679232
-0.618409
-0.543454
-0.457761
-0.36484
-0.283674
-0.230778
-0.205337
-0.205718
-0.229587
-0.274044
-0.335785
-0.411267
-0.496883
-0.589126
-0.669274
-0.721233
-0.746182
-0.74592
-0.722721
-0.679232
-0.618409
-0.543454
-0.457761
-0.36484
-0.283674
-0.230778
-0.205337
-0.205718
-0.229587
-0.274044
-0.335785
-0.411267
-0.496883
-0.589126
-0.669274
-0.721233
-0.746182
-0.74592
-0.722721
-0.679232
-0.618409
-0.543454
-0.457761
-0.36484
-0.283674
-0.230778
-0.205337
-0.205718
-0.229587
-0.274044
-0.335785
-0.411267
-0.496883
-0.589126
-0.669274
-0.721233
-0.746182
-0.74592
-0.722721
-0.679232
-0.618409
-0.543454
-0.457761
-0.36484
-0.283674
-0.230778
-0.205337
-0.205718
-0.229587
-0.274044
-0.335785
-0.411267
-0.496883
-0.589126
-0.669274
-0.721233
-0.746182
-0.74592
-0.722721
-0.679232
-0.618409
-0.543454
-0.457761
-0.36484
-0.283674
-0.230778
-0.205337
-0.205718
-0.229587
-0.274044
-0.335785
-0.411267
-0.496883
-0.589126
-0.669274
-0.721233
-0.746182
-0.74592
-0.722721
-0.679232
-0.618409
-0.543454
-0.457761
-0.36484
-0.283674
-0.230778
-0.205337
-0.205718
-0.229587
-0.274044
-0.335785
-0.411267
-0.496883
-0.589126
-0.669274
-0.721233
-0.746182
-0.74592
-0.722721
-0.679232
-0.618409
-0.543454
-0.457761
-0.36484
-0.283674
-0.230778
-0.205337
-0.205718
-0.229587
-0.274044
-0.335785
-0.411267
-0.496883
-0.589126
-0.669274
-0.721233
-0.746182
-0.74592
-0.722721
-0.679232
-0.618409
-0.543454
-0.457761
-0.36484
-0.283674
-0.230778
-0.205337
-0.205718
-0.229587
-0.274044
-0.335785
-0.411267
-0.496883
-0.589126
-0.669274
-0.721233
-0.746182
-0.74592
-0.722721
-0.679232
-0.618409
-0.543454
-0.457761
-0.36484
-0.283674
-0.230778
-0.205337
-0.205718
-0.229587
-0.274044
-0.335785
-0.411267
-0.496883
-0.589126
-0.669274
-0.721233
-0.746182
-0.74592
-0.722721
-0.679232
-0.618409
-0.543454
-0.457761
-0.36484
-0.283674
-0.230778
-0.205337
-0.205718
-0.229587
-0.274044
-0.335785
-0.411267
-0.496883
-0.589126
-0.669274
-0.721233
-0.746182
-0.74592
-0.722721
-0.679232
-0.618409
-0.543454
-0.457761
-0.36484
-0.283674
-0.230778
-0.205337
-0.205718
-0.229587
-0.274044
-0.335785
-0.411267
-0.496883
-0.589126
-0.669274
-0.721233
-0.746182
-0.74592
-0.722721
-0.679232
-0.618409
-0.543454
-0.457761
-0.36484
-0.283674
-0.230778
-0.205337
-0.205718
-0.229587
-0.274044
-0.335785
-0.411267
-0.496883
-0.589126
-0.669274
-0.721233
-0.746182
-0.74592
-0.722721
-0.679232
-0.618409
-0.543454
-0.457761
-0.36484
-0.283674
-0.230778
-0.205337
-0.205718
-0.229587
-0.274044
-0.335785
-0.411267
-0.496883
-0.589126
-0.669274
-0.721233
-0.746182
-0.74592
-0.722721
-0.679232
-0.618409
-0.543454
-0.457761
-0.36484
-0.283674
-0.230778
-0.205337
-0.205718
-0.229587
-0.274044
-0.335785
-0.411267
-0.496883
-0.589126
-0.669274
-0.721233
-0.746182
-0.74592
-0.722721
-0.679232
-0.618409
-0.543454
-0.457761
-0.36484
-0.283674
-0.230778
-0.205337
-0.205718
-0.229587
-0.274044
-0.335785
-0.411267
-0.496883
-0.589126
-0.669274
-0.721233
-0.746182
-0.74592
-0.722721
-0.679232
-0.618409
-0.543454
-0.457761
-0.36484
-0.283674
-0.230778
-0.205337
-0.205718
-0.229587
-0.274044
-0.335785
-0.411267
-0.496883
-0.589126
-0.669274
-0.721233
-0.746182
-0.74592
-0.722721
-0.679232
-0.618409
-0.543454
-0.457761
-0.36484
-0.283674
-0.230778
-0.205337
-0.205718
-0.229587
-0.274044
-0.335785
-0.411267
-0.496883
-0.589126
-0.669274
-0.721233
-0.746182
-0.74592
-0.722721
-0.679232
-0.618409
-0.543454
-0.457761
-0.36484
-0.283674
-0.230778
-0.205337
-0.205718
-0.229587
-0.274044
-0.335785
-0.411267
-0.496883
-0.589126
-0.669274
-0.721233
-0.746182
-0.74592
-0.722721
-0.679232
-0.618409
-0.543454
-0.457761
-0.36484
-0.283674
-0.230778
-0.205337
-0.205718
-0.229587
-0.274044
-0.335785
-0.411267
-0.496883
-0.589126
-0.669274
-0.721233
-0.746182
-0.74592
-0.722721
-0.679232
-0.618409
-0.543454
-0.457761
-0.36484
-0.283674
-0.230778
-0.205337
-0.205718
-0.229587
-0.274044
-0.335785
-0.411267
-0.496883
-0.589126
-0.669274
-0.721233
-0.746182
-0.74592
-0.722721
-0.679232
-0.618409
-0.543454
-0.457761
-0.36484
-0.283674
-0.230778
-0.205337
-0.205718
-0.229587
-0.274044
-0.335785
-0.411267
-0.496883
-0.589126
-0.669274
-0.721233
-0.746182
-0.74592
-0.722721
-0.679232
-0.618409
-0.543454
-0.457761
-0.36484
-0.283674
-0.230778
-0.205337
-0.205718
-0.229587
-0.274044
-0.335785
-0.411267
-0.496883
-0.589126
-0.669274
-0.721233
-0.746182
-0.74592
-0.722721
-0.679232
-0.618409
-0.543454
-0.457761
-0.36484
-0.283674
-0.230778
-0.205337
-0.205718
-0.229587
-0.274044
-0.335785
-0.411267
-0.496883
-0.589126
-0.669274
-0.721233
-0.746182
-0.74592
-0.722721
-0.679232
-0.618409
-0.543454
-0.457761
-0.36484
-0.283674
-0.230778
-0.205337
-0.205718
-0.229587
-0.274044
-0.335785
-0.411267
-0.496883
-0.589126
-0.669274
-0.721233
-0.746182
-0.74592
-0.722721
-0.679232
-0.618409
-0.543454
-0.457761
-0.36484
-0.283674
-0.230778
-0.205337
-0.205718
-0.229587
-0.274044
-0.335785
-0.411267
-0.496883
-0.589126
-0.669274
-0.721233
-0.746182
-0.74592
-0.722721
-0.679232
-0.618409
-0.543454
-0.457761
-0.36484
-0.283674
-0.230778
-0.205337
-0.205718
-0.229587
-0.274044
-0.335785
-0.411267
-0.496883
-0.589126
-0.669274
-0.721233
-0.746182
-0.74592
-0.722721
-0.679232
-0.618409
-0.543454
-0.457761
-0.36484
-0.283674
-0.230778
-0.205337
-0.205718
-0.229587
-0.274044
-0.335785
-0.411267
-0.496883
-0.589126
-0.669274
-0.721233
-0.746182
-0.74592
-0.722721
-0.679232
-0.618409
-0.543454
-0.457761
-0.36484
-0.283674
-0.230778
-0.205337
-0.205718
-0.229587
-0.274044
-0.335785
-0.411267
-0.496883
-0.589126
-0.669274
-0.721233
-0.746182
-0.74592
-0.722721
-0.679232
-0.618409
-0.543454
-0.457761
-0.36484
-0.283674
-0.230778
-0.205337
-0.205718
-0.229587
-0.274044
-0.335785
-0.411267
-0.496883
-0.589126
-0.669274
-0.721233
-0.746182
-0.74592
-0.722721
-0.679232
-0.618409
-0.543454
-0.457761
-0.36484
-0.283674
-0.230778
-0.205337
-0.205718
-0.229587
-0.274044
-0.335785
-0.411267
-0.496883
-0.589126
-0.669274
-0.721233
-0.746182
-0.74592
-0.722721
-0.679232
-0.618409
-0.543454
-0.457761
-0.36484
-0.283674
-0.230778
-0.205337
-0.205718
-0.229587
-0.274044
-0.335785
-0.411267
-0.496883
-0.589126
-0.669274
-0.721233
-0.746182
-0.74592
-0.722721
-0.679232
-0.618409
-0.543454
-0.457761
-0.36484
-0.283674
-0.230778
-0.205337
-0.205718
-0.229587
-0.274044
-0.335785
-0.411267
-0.496883
-0.589126
-0.669274
-0.721233
-0.746182
-0.74592
-0.722721
-0.679232
-0.618409
-0.543454
-0.457761
-0.36484
-0.283674
-0.230778
-0.205337
-0.205718
-0.229587
-0.274044
-0.335785
-0.411267
-0.496883
-0.589126
-0.669274
-0.721233
-0.746182
-0.74592
-0.722721
-0.679232
-0.618409
-0.543454
-0.457761
-0.36484
-0.283674
-0.230778
-0.205337
-0.205718
-0.229587
-0.274044
-0.335785
-0.411267
-0.496883
-0.589126
-0.669274
-0.721233
-0.746182
-0.74592
-0.722721
-0.679232
-0.618409
-0.543454
-0.457761
-0.36484
-0.283674
-0.230778
-0.205337
-0.205718
-0.229587
-0.274044
-0.335785
-0.411267
-0.496883
-0.589126
-0.669274
-0.721233
-0.746182
-0.74592
-0.722721
-0.679232
-0.618409
-0.543454
-0.457761
-0.36484
-0.283674
-0.230778
-0.205337
-0.205718
-0.229587
-0.274044
-0.335785
-0.411267
-0.496883
-0.589126
-0.669274
-0.721233
-0.746182
-0.74592
-0.722721
-0.679232
-0.618409
-0.543454
-0.457761
-0.36484
-0.283674
-0.230778
-0.205337
-0.205718
-0.229587
-0.274044
-0.335785
-0.411267
-0.496883
-0.589126
-0.669274
-0.721233
-0.746182
-0.74592
-0.722721
-0.679232
-0.618409
-0.543454
-0.457761
-0.36484
-0.283674
-0.230778
-0.205337
-0.205718
-0.229587
-0.274044
-0.335785
-0.411267
-0.496883
-0.589126
-0.669274
-0.721233
-0.746182
-0.74592
-0.722721
-0.679232
-0.618409
-0.543454
-0.457761
-0.36484
-0.283674
-0.230778
-0.205337
-0.205718
-0.229587
-0.274044
-0.335785
-0.411267
-0.496883
-0.589126
-0.669274
-0.721233
-0.746182
-0.74592
-0.722721
-0.679232
-0.618409
-0.543454
-0.457761
-0.36484
-0.283674
-0.230778
-0.205337
-0.205718
-0.229587
-0.274044
-0.335785
-0.411267
-0.496883
-0.589126
-0.669274
-0.721233
-0.746182
-0.74592
-0.722721
-0.679232
-0.618409
-0.543454
-0.457761
-0.36484
-0.283674
-0.230778
-0.205337
-0.205718
-0.229587
-0.274044
-0.335785
-0.411267
-0.496883
-0.589126
-0.669274
-0.721233
-0.746182
-0.74592
-0.722721
-0.679232
-0.618409
-0.543454
-0.457761
-0.36484
-0.283674
-0.230778
-0.205337
-0.205718
-0.229587
-0.274044
-0.335785
-0.411267
-0.496883
-0.589126
-0.669274
-0.721233
-0.746182
-0.74592
-0.722721
-0.679232
-0.618409
-0.543454
-0.457761
-0.36484
-0.283674
-0.230778
-0.205337
-0.205718
-0.229587
-0.274044
-0.335785
-0.411267
-0.496883
-0.589126
-0.669274
-0.721233
-0.746182
-0.74592
-0.722721
-0.679232
-0.618409
-0.543454
-0.457761
-0.36484
-0.283674
-0.230778
-0.205337
-0.205718
-0.229587
-0.274044
-0.335785
-0.411267
-0.496883
-0.589126
-0.669274
-0.721233
-0.746182
-0.74592
-0.722721
-0.679232
-0.618409
-0.543454
-0.457761
-0.36484
-0.283674
-0.230778
-0.205337
-0.205718
-0.229587
-0.274044
-0.335785
-0.411267
-0.496883
-0.589126
-0.669274
-0.721233
-0.746182
-0.74592
-0.722721
-0.679232
-0.618409
-0.543454
-0.457761
-0.36484
-0.283674
-0.230778
-0.205337
-0.205718
-0.229587
-0.274044
-0.335785
-0.411267
-0.496883
-0.589126
-0.669274
-0.721233
-0.746182
-0.74592
-0.722721
-0.679232
-0.618409
-0.543454
-0.457761
-0.36484
-0.283674
-0.230778
-0.205337
-0.205718
-0.229587
-0.274044
-0.335785
-0.411267
-0.496883
-0.589126
-0.669274
-0.721233
-0.746182
-0.74592
-0.722721
-0.679232
-0.618409
-0.543454
-0.457761
-0.36484
-0.283674
-0.230778
-0.205337
-0.205718
-0.229587
-0.274044
-0.335785
-0.411267
-0.496883
-0.589126
-0.669274
-0.721233
-0.746182
-0.74592
-0.722721
-0.679232
-0.618409
-0.543454
-0.457761
-0.36484
-0.283674
-0.230778
-0.205337
-0.205718
-0.229587
-0.274044
-0.335785
-0.411267
-0.496883
-0.589126
-0.669274
-0.721233
-0.746182
-0.74592
-0.722721
-0.679232
-0.618409
-0.543454
-0.457761
-0.36484
-0.283674
-0.230778
-0.205337
-0.205718
-0.229587
-0.274044
-0.335785
-0.411267
-0.496883
-0.589126
-0.669274
-0.721233
-0.746182
-0.74592
-0.722721
-0.679232
-0.618409
-0.543454
-0.457761
-0.36484
-0.283674
-0.230778
-0.205337
-0.205718
-0.229587
-0.274044
-0.335785
-0.411267
-0.496883
-0.589126
-0.669274
-0.721233
-0.746182
-0.74592
-0.722721
-0.679232
-0.618409
-0.543454
-0.457761
-0.36484
-0.283674
-0.230778
-0.205337
-0.205718
-0.229587
-0.274044
-0.335785
-0.411267
-0.496883
-0.589126
-0.669274
-0.721233
-0.746182
-0.74592
-0.722721
-0.679232
-0.618409
-0.543454
-0.457761
-0.36484
-0.283674
-0.230778
-0.205337
-0.205718
-0.229587
-0.274044
-0.335785
-0.411267
-0.496883
-0.589126
-0.669274
-0.721233
-0.746182
-0.74592
-0.722721
-0.679232
-0.618409
-0.543454
-0.457761
-0.36484
-0.283674
-0.230778
-0.205337
-0.205718
-0.229587
-0.274044
-0.335785
-0.411267
-0.496883
-0.589126
-0.669274
-0.721233
-0.746182
-0.74592
-0.722721
-0.679232
-0.618409
-0.543454
-0.457761
-0.36484
-0.283674
-0.230778
-0.205337
-0.205718
-0.229587
-0.274044
-0.335785
-0.411267
-0.496883
-0.589126
-0.669274
-0.721233
-0.746182
-0.74592
-0.722721
-0.679232
-0.618409
-0.543454
-0.457761
-0.36484
-0.283674
-0.230778
-0.205337
-0.205718
-0.229587
-0.274044
-0.335785
-0.411267
-0.496883
-0.589126
-0.669274
-0.721233
-0.746182
-0.74592
-0.722721
-0.679232
-0.618409
-0.543454
-0.457761
-0.36484
-0.283674
-0.230778
-0.205337
-0.205718
-0.229587
-0.274044
-0.335785
-0.411267
-0.496883
-0.589126
-0.669274
-0.721233
-0.746182
-0.74592
-0.722721
-0.679232
-0.618409
-0.543454
-0.457761
-0.36484
-0.283674
-0.230778
-0.205337
-0.205718
-0.229587
-0.274044
-0.335785
-0.411267
-0.496883
-0.589126
-0.669274
-0.721233
-0.746182
-0.74592
-0.722721
-0.679232
-0.618409
-0.543454
-0.457761
-0.36484
-0.283674
-0.230778
-0.205337
-0.205718
-0.229587
-0.274044
-0.335785
-0.411267
-0.496883
-0.589126
-0.669274
-0.721233
-0.746182
-0.74592
-0.722721
-0.679232
-0.618409
-0.543454
-0.457761
-0.36484
-0.283674
-0.230778
-0.205337
-0.205718
-0.229587
-0.274044
-0.335785
-0.411267
-0.496883
-0.589126
-0.669274
-0.721233
-0.746182
-0.74592
-0.722721
-0.679232
-0.618409
-0.543454
-0.457761
-0.36484
-0.283674
-0.230778
-0.205337
-0.205718
-0.229587
-0.274044
-0.335785
-0.411267
-0.496883
-0.589126
-0.669274
-0.721233
-0.746182
-0.74592
-0.722721
-0.679232
-0.618409
-0.543454
-0.457761
-0.36484
-0.283674
-0.230778
-0.205337
-0.205718
-0.229587
-0.274044
-0.335785
-0.411267
-0.496883
-0.589126
-0.669274
-0.721233
-0.746182
-0.74592
-0.722721
-0.679232
-0.618409
-0.543454
-0.457761
-0.36484
-0.283674
-0.230778
-0.205337
-0.205718
-0.229587
-0.274044
-0.335785
-0.411267
-0.496883
-0.589126
-0.669274
-0.721233
-0.746182
-0.74592
-0.722721
-0.679232
-0.618409
-0.543454
-0.457761
-0.36484
-0.283674
-0.230778
-0.205337
-0.205718
-0.229587
-0.274044
-0.335785
-0.411267
-0.496883
-0.589126
-0.669274
-0.721233
-0.746182
-0.74592
-0.722721
-0.679232
-0.618409
-0.543454
-0.457761
-0.36484
-0.283674
-0.230778
-0.205337
-0.205718
-0.229587
-0.274044
-0.335785
-0.411267
-0.496883
-0.589126
-0.669274
-0.721233
-0.746182
-0.74592
-0.722721
-0.679232
-0.618409
-0.543454
-0.457761
-0.36484
-0.283674
-0.230778
-0.205337
-0.205718
-0.229587
-0.274044
-0.335785
-0.411267
-0.496883
-0.589126
-0.669274
-0.721233
-0.746182
-0.74592
-0.722721
-0.679232
-0.618409
-0.543454
-0.457761
-0.36484
-0.283674
-0.230778
-0.205337
-0.205718
-0.229587
-0.274044
-0.335785
-0.411267
-0.496883
-0.589126
-0.669274
-0.721233
-0.746182
-0.74592
-0.722721
-0.679232
-0.618409
-0.543454
-0.457761
-0.36484
-0.283674
-0.230778
-0.205337
-0.205718
-0.229587
-0.274044
-0.335785
-0.411267
-0.496883
-0.589126
-0.669274
-0.721233
-0.746182
-0.74592
-0.722721
-0.679232
-0.618409
-0.543454
-0.457761
-0.36484
-0.283674
-0.230778
-0.205337
-0.205718
-0.229587
-0.274044
-0.335785
-0.411267
-0.496883
-0.589126
-0.669274
-0.721233
-0.746182
-0.74592
-0.722721
-0.679232
-0.618409
-0.543454
-0.457761
-0.36484
-0.283674
-0.230778
-0.205337
-0.205718
-0.229587
-0.274044
-0.335785
-0.411267
-0.496883
-0.589126
-0.669274
-0.721233
-0.746182
-0.74592
-0.722721
-0.679232
-0.618409
-0.543454
-0.457761
-0.36484
-0.283674
-0.230778
-0.205337
-0.205718
-0.229587
-0.274044
-0.335785
-0.411267
-0.496883
-0.589126
-0.669274
-0.721233
-0.746182
-0.74592
-0.722721
-0.679232
-0.618409
-0.543454
-0.457761
-0.36484
-0.283674
-0.230778
-0.205337
-0.205718
-0.229587
-0.274044
-0.335785
-0.411267
-0.496883
-0.589126
-0.669274
-0.721233
-0.746182
-0.74592
-0.722721
-0.679232
-0.618409
-0.543454
-0.457761
-0.36484
-0.283674
-0.230778
-0.205337
-0.205718
-0.229587
-0.274044
-0.335785
-0.411267
-0.496883
-0.589126
-0.669274
-0.721233
-0.746182
-0.74592
-0.722721
-0.679232
-0.618409
-0.543454
-0.457761
-0.36484
-0.283674
-0.230778
-0.205337
-0.205718
-0.229587
-0.274044
-0.335785
-0.411267
-0.496883
-0.589126
-0.669274
-0.721233
-0.746182
-0.74592
-0.722721
-0.679232
-0.618409
-0.543454
-0.457761
-0.36484
-0.283674
-0.230778
-0.205337
-0.205718
-0.229587
-0.274044
-0.335785
-0.411267
-0.496883
-0.589126
-0.669274
-0.721233
-0.746182
-0.74592
-0.722721
-0.679232
-0.618409
-0.543454
-0.457761
-0.36484
-0.283674
-0.230778
-0.205337
-0.205718
-0.229587
-0.274044
-0.335785
-0.411267
-0.496883
-0.589126
-0.669274
-0.721233
-0.746182
-0.74592
-0.722721
-0.679232
-0.618409
-0.543454
-0.457761
-0.36484
-0.283674
-0.230778
-0.205337
-0.205718
-0.229587
-0.274044
-0.335785
-0.411267
-0.496883
-0.589126
-0.669274
-0.721233
-0.746182
-0.74592
-0.722721
-0.679232
-0.618409
-0.543454
-0.457761
-0.36484
-0.283674
-0.230778
-0.205337
-0.205718
-0.229587
-0.274044
-0.335785
-0.411267
-0.496883
-0.589126
-0.669274
-0.721233
-0.746182
-0.74592
-0.722721
-0.679232
-0.618409
-0.543454
-0.457761
-0.36484
-0.283674
-0.230778
-0.205337
-0.205718
-0.229587
-0.274044
-0.335785
-0.411267
-0.496883
-0.589126
-0.669274
-0.721233
-0.746182
-0.74592
-0.722721
-0.679232
-0.618409
-0.543454
-0.457761
-0.36484
-0.283674
-0.230778
-0.205337
-0.205718
-0.229587
-0.274044
-0.335785
-0.411267
-0.496883
-0.589126
-0.669274
-0.721233
-0.746182
-0.74592
-0.722721
-0.679232
-0.618409
-0.543454
-0.457761
-0.36484
-0.283674
-0.230778
-0.205337
-0.205718
-0.229587
-0.274044
-0.335785
-0.411267
-0.496883
-0.589126
-0.669274
-0.721233
-0.746182
-0.74592
-0.722721
-0.679232
-0.618409
-0.543454
-0.457761
-0.36484
-0.283674
-0.230778
-0.205337
-0.205718
-0.229587
-0.274044
-0.335785
-0.411267
-0.496883
-0.589126
-0.669274
-0.721233
-0.746182
-0.74592
-0.722721
-0.679232
-0.618409
-0.543454
-0.457761
-0.36484
-0.283674
-0.230778
-0.205337
-0.205718
-0.229587
-0.274044
-0.335785
-0.411267
-0.496883
-0.589126
-0.669274
-0.721233
-0.746182
-0.74592
-0.722721
-0.679232
-0.618409
-0.543454
-0.457761
-0.36484
-0.283674
-0.230778
-0.205337
-0.205718
-0.229587
-0.274044
-0.335785
-0.411267
-0.496883
-0.589126
-0.669274
-0.721233
-0.746182
-0.74592
-0.722721
-0.679232
-0.618409
-0.543454
-0.457761
-0.36484
-0.283674
-0.230778
-0.205337
-0.205718
-0.229587
-0.274044
-0.335785
-0.411267
-0.496883
-0.589126
-0.669274
-0.721233
-0.746182
-0.74592
-0.722721
-0.679232
-0.618409
-0.543454
-0.457761
-0.36484
-0.283674
-0.230778
-0.205337
-0.205718
-0.229587
-0.274044
-0.335785
-0.411267
-0.496883
-0.589126
-0.669274
-0.721233
-0.746182
-0.74592
-0.722721
-0.679232
-0.618409
-0.543454
-0.457761
-0.36484
-0.283674
-0.230778
-0.205337
-0.205718
-0.229587
-0.274044
-0.335785
-0.411267
-0.496883
-0.589126
-0.669274
-0.721233
-0.746182
-0.74592
-0.722721
-0.679232
-0.618409
-0.543454
-0.457761
-0.36484
-0.283674
-0.230778
-0.205337
-0.205718
-0.229587
-0.274044
-0.335785
-0.411267
-0.496883
-0.589126
-0.669274
-0.721233
-0.746182
-0.74592
-0.722721
-0.679232
-0.618409
-0.543454
-0.457761
-0.36484
-0.283674
-0.230778
-0.205337
-0.205718
-0.229587
-0.274044
-0.335785
-0.411267
-0.496883
-0.589126
-0.669274
-0.721233
-0.746182
-0.74592
-0.722721
-0.679232
-0.618409
-0.543454
-0.457761
-0.36484
-0.283674
-0.230778
-0.205337
-0.205718
-0.229587
-0.274044
-0.335785
-0.411267
-0.496883
-0.589126
-0.669274
-0.721233
-0.746182
-0.74592
-0.722721
-0.679232
-0.618409
-0.543454
-0.457761
-0.36484
-0.283674
-0.230778
-0.205337
-0.205718
-0.229587
-0.274044
-0.335785
-0.411267
-0.496883
-0.589126
-0.669274
-0.721233
-0.746182
-0.74592
-0.722721
-0.679232
-0.618409
-0.543454
-0.457761
-0.36484
-0.283674
-0.230778
-0.205337
-0.205718
-0.229587
-0.274044
-0.335785
-0.411267
-0.496883
-0.589126
-0.669274
-0.721233
-0.746182
-0.74592
-0.722721
-0.679232
-0.618409
-0.543454
-0.457761
-0.36484
-0.283674
-0.230778
-0.205337
-0.205718
-0.229587
-0.274044
-0.335785
-0.411267
-0.496883
-0.589126
-0.669274
-0.721233
-0.746182
-0.74592
-0.722721
-0.679232
-0.618409
-0.543454
-0.457761
-0.36484
-0.283674
-0.230778
-0.205337
-0.205718
-0.229587
-0.274044
-0.335785
-0.411267
-0.496883
-0.589126
-0.669274
-0.721233
-0.746182
-0.74592
-0.722721
-0.679232
-0.618409
-0.543454
-0.457761
-0.36484
-0.283674
-0.230778
-0.205337
-0.205718
-0.229587
-0.274044
-0.335785
-0.411267
-0.496883
-0.589126
-0.669274
-0.721233
-0.746182
-0.74592
-0.722721
-0.679232
-0.618409
-0.543454
-0.457761
-0.36484
-0.283674
-0.230778
-0.205337
-0.205718
-0.229587
-0.274044
-0.335785
-0.411267
-0.496883
-0.589126
-0.669274
-0.721233
-0.746182
-0.74592
-0.722721
-0.679232
-0.618409
-0.543454
-0.457761
-0.36484
-0.283674
-0.230778
-0.205337
-0.205718
-0.229587
-0.274044
-0.335785
-0.411267
-0.496883
-0.589126
-0.669274
-0.721233
-0.746182
-0.74592
-0.722721
-0.679232
-0.618409
-0.543454
-0.457761
-0.36484
-0.283674
-0.230778
-0.205337
-0.205718
-0.229587
-0.274044
-0.335785
-0.411267
-0.496883
-0.589126
-0.669274
-0.721233
-0.746182
-0.74592
-0.722721
-0.679232
-0.618409
-0.543454
-0.457761
-0.36484
-0.283674
-0.230778
-0.205337
-0.205718
-0.229587
-0.274044
-0.335785
-0.411267
-0.496883
-0.589126
-0.669274
-0.721233
-0.746182
-0.74592
-0.722721
-0.679232
-0.618409
-0.543454
-0.457761
-0.36484
-0.283674
-0.230778
-0.205337
-0.205718
-0.229587
-0.274044
-0.335785
-0.411267
-0.496883
-0.589126
-0.669274
-0.721233
-0.746182
-0.74592
-0.722721
-0.679232
-0.618409
-0.543454
-0.457761
-0.36484
-0.283674
-0.230778
-0.205337
-0.205718
-0.229587
-0.274044
-0.335785
-0.411267
-0.496883
-0.589126
-0.669274
-0.721233
-0.746182
-0.74592
-0.722721
-0.679232
-0.618409
-0.543454
-0.457761
-0.36484
-0.283674
-0.230778
-0.205337
-0.205718
-0.229587
-0.274044
-0.335785
-0.411267
-0.496883
-0.589126
-0.669274
-0.721233
-0.746182
-0.74592
-0.722721
-0.679232
-0.618409
-0.543454
-0.457761
-0.36484
-0.283674
-0.230778
-0.205337
-0.205718
-0.229587
-0.274044
-0.335785
-0.411267
-0.496883
-0.589126
-0.669274
-0.721233
-0.746182
-0.74592
-0.722721
-0.679232
-0.618409
-0.543454
-0.457761
-0.36484
-0.283674
-0.230778
-0.205337
-0.205718
-0.229587
-0.274044
-0.335785
-0.411267
-0.496883
-0.589126
-0.669274
-0.721233
-0.746182
-0.74592
-0.722721
-0.679232
-0.618409
-0.543454
-0.457761
-0.36484
-0.283674
-0.230778
-0.205337
-0.205718
-0.229587
-0.274044
-0.335785
-0.411267
-0.496883
-0.589126
-0.669274
-0.721233
-0.746182
-0.74592
-0.722721
-0.679232
-0.618409
-0.543454
-0.457761
-0.36484
-0.283674
-0.230778
-0.205337
-0.205718
-0.229587
-0.274044
-0.335785
-0.411267
-0.496883
-0.589126
-0.669274
-0.721233
-0.746182
-0.74592
-0.722721
-0.679232
-0.618409
-0.543454
-0.457761
-0.36484
-0.283674
-0.230778
-0.205337
-0.205718
-0.229587
-0.274044
-0.335785
-0.411267
-0.496883
-0.589126
-0.669274
-0.721233
-0.746182
-0.74592
-0.722721
-0.679232
-0.618409
-0.543454
-0.457761
-0.36484
-0.283674
-0.230778
-0.205337
-0.205718
-0.229587
-0.274044
-0.335785
-0.411267
-0.496883
-0.589126
-0.669274
-0.721233
-0.746182
-0.74592
-0.722721
-0.679232
-0.618409
-0.543454
-0.457761
-0.36484
-0.283674
-0.230778
-0.205337
-0.205718
-0.229587
-0.274044
-0.335785
-0.411267
-0.496883
-0.589126
-0.669274
-0.721233
-0.746182
-0.74592
-0.722721
-0.679232
-0.618409
-0.543454
-0.457761
-0.36484
-0.283674
-0.230778
-0.205337
-0.205718
-0.229587
-0.274044
-0.335785
-0.411267
-0.496883
-0.589126
-0.669274
-0.721233
-0.746182
-0.74592
-0.722721
-0.679232
-0.618409
-0.543454
-0.457761
-0.36484
